Sandbox logs:
0 OpenBLAS WARNING - could not determine the L2 cache size on this system, assuming 256k
START RequestId: 2228fb39-d4f4-4e80-902c-38d689c498d8 Version: $LATEST
4893 4899 4897 4895
END RequestId: 2228fb39-d4f4-4e80-902c-38d689c498d8
REPORT RequestId: 2228fb39-d4f4-4e80-902c-38d689c498d8	Duration: 2.39 ms	Billed Duration: 3 ms	Memory Size: 128 MB	Max Memory Used: 94 MB	Init Duration: 1527.40 ms	

100 4897 4898 4897 4895
200 4892 4899 4897 4895
300 4898 4900 4897 4895
400 4894 4896 4897 4895
500 4898 4899 4897 4895
600 4892 4899 4897 4895
700 4891 4898 4897 4895
800 4894 4898 4897 4895
900 4892 4898 4897 4895
1000 4891 4897 4896 4894
1100 4891 4896 4896 4892.293975174407
1200 4891 4898 4896 4892.390403595309
1300 4890 4897 4896 4892.559077610742
1400 4890 4897 4896 4892.714265196534
1500 4896 4897 4896 4892.61717791195
1600 4891 4897 4896 4892.727742261463
1700 4890 4892 4895 4891.0693331298025
1800 4890 4895 4895 4891.26367852225
1900 4890 4891 4895 4891.602396085822
2000 4890 4896 4895 4891.714142324897
2100 4890 4896 4895 4891.816953828013
2200 4890 4896 4895 4891.911544977214
2300 4890 4892 4894 4890.158484206452
2400 4890 4896 4894 4890.225768094324
2500 4891 4896 4894 4890.24769446687
2600 4890 4894 4894 4890.38780108152
2700 4890 4896 4894 4890.43674980441
2800 4890 4897 4894 4890.441807010824
2900 4891 4897 4894 4890.406482072653
3000 4896 4897 4894 4890.174092597164
3100 4892 4897 4894 4890.120195128964
3200 4891 4898 4894 4890.070607064384
3300 4891 4897 4894 4890.064961635219
3400 4892 4897 4894 4890.019789796964
3500 4894 4896 4895 4891.938251906793
3600 4891 4896 4895 4891.983166804416
3700 4893 4898 4895 4891.864579334367
3800 4892 4899 4895 4891.7554735949025
3900 4892 4898 4895 4891.69506926139
4000 4891 4898 4895 4891.679472384408
4100 4892 4897 4895 4891.665122564855
4200 4893 4899 4895 4891.531986715468
4300 4892 4897 4895 4891.5294291989085
4400 4892 4899 4895 4891.447120584712
4500 4892 4899 4895 4891.371393003945
4600 4892 4899 4895 4891.301720266226
4700 4893 4899 4895 4891.197640460351
4800 4898 4899 4896.901993452853 4894
4900 4893 4899 4896.82987403833 4894
5000 4893 4899 4896.763520973811 4894
5100 4893 4899 4896.702473207407 4894
5200 4894 4900 4896.566350965531 4894
5300 4893 4900 4896.481090249871 4894
5400 4894 4901 4896.322691019271 4894
5500 4895 4901 4896.13697889919 4894
5600 4896 4901 4897.926137707695 4895
5700 4899 4901 4897.61222106903 4895
5800 4894 4897 4897.6832039531355 4895
5900 4895 4901 4897.548622395765 4895
6000 4894 4899 4897.54473476365 4895
6100 4895 4901 4897.42122459138 4895
6200 4900 4901 4897.107700783807 4895
6300 4894 4897 4897.2190228826485 4895
6400 4894 4897 4897.321444157912 4895
6500 4894 4901 4897.255765109417 4895
6600 4894 4901 4897.1953374676905 4895
6700 4894 4900 4897.179719146116 4895
6800 4893 4899 4897.2453051819575 4895
6900 4893 4900 4897.265669455225 4895
7000 4894 4900 4897.244427698417 4895
7100 4893 4898 4897.344817716765 4895
7200 4893 4898 4897.4371809924305 4895
7300 4893 4900 4897.442203722953 4895
7400 4894 4901 4897.366869272746 4895
7500 4894 4901 4897.2975582326035 4895
7600 4894 4901 4897.233788997249 4895
7700 4894 4899 4897.255074053806 4895
7800 4894 4901 4897.194701665836 4895
7900 4895 4900 4897.139156387486 4895
8000 4901 4902 4898.768229922898 4896
8100 4896 4902 4898.626850064343 4896
8200 4899 4903 4898.336863144397 4896
8300 4897 4903 4898.150017883756 4896
8400 4898 4904 4899.898156359932 4897
8500 4901 4903 4899.586476986307 4897
8600 4896 4903 4899.499607082875 4897
8700 4901 4903 4899.2197939499965 4897
8800 4896 4902 4899.2022201960635 4897
8900 4896 4903 4899.146073769229 4897
9000 4895 4902 4899.174372148188 4897
9100 4896 4897 4899.360319084434 4897
9200 4896 4903 4899.291531768433 4897
9300 4896 4902 4899.268222175234 4897
9400 4895 4902 4899.286754106889 4897
9500 4896 4902 4899.263826514415 4897
9600 4896 4900 4899.32268769639 4897
9700 4896 4902 4899.296887012733 4897
9800 4896 4902 4899.273149237842 4897
9900 4895 4896 4899.531153979434 4897
10000 4895 4902 4899.528663044772 4897
10100 4895 4902 4899.526371274248 4897
10200 4895 4902 4899.524262743578 4897
10300 4895 4901 4899.562300594398 4897
10400 4895 4902 4899.5573193139035 4897
10500 4895 4901 4899.592714107293 4897
10600 4895 4902 4899.585301096572 4897
10700 4895 4902 4899.578480797462 4897
10800 4895 4900 4899.6521614047315 4897
10900 4895 4901 4899.679973043231 4897
11000 4894 4895 4899.985405534691 4897
11100 4894 4899 4898.106505821765 4896
11200 4894 4901 4898.137967879125 4896
11300 4894 4899 4898.246869954644 4896
11400 4894 4901 4898.267109115595 4896
11500 4894 4900 4898.325707835271 4896
11600 4893 4899 4898.459576845384 4896
11700 4893 4899 4898.58274228043 4896
11800 4894 4900 4898.616104365648 4896
11900 4894 4900 4898.646798965814 4896
12000 4893 4900 4898 4894.7150171539415
12100 4894 4900 4898.737803124219 4896
12200 4894 4900 4898.758767228904 4896
12300 4893 4898 4898 4894.897988514383
12400 4894 4900 4898.906144902429 4896
12500 4892 4899 4897 4893.033582519752
12600 4892 4899 4897 4893.150830787782
12700 4892 4897 4897 4893.33865998728
12800 4892 4896 4897 4893.551448985867
12900 4892 4897 4897 4893.707246522827
13000 4892 4897 4897 4893.850587176519
13100 4892 4899 4897 4893.902511358968
13200 4897 4899 4897 4893.750394949588
13300 4893 4899 4897 4893.770352267505
13400 4893 4900 4897 4893.7487360937
13500 4897 4900 4897 4893.568937082984
13600 4893 4898 4897 4893.64338076353
13700 4897 4899 4897 4893.511983292596
13800 4894 4900 4897 4893.4710473687355
13900 4893 4900 4897 4893.473362293316
14000 4894 4900 4897.435514334062 4895
14100 4894 4898 4897.480648115915 4895
14200 4893 4900 4897.482195407135 4895
14300 4898 4900 4897.283730020353 4895
14400 4894 4901 4897.221066427803 4895
14500 4893 4898 4897.323324310218 4895
14600 4893 4894 4897 4893.577317274528
14700 4893 4900 4897.571135326584 4895
14800 4894 4896 4897 4893.6853810379625
14900 4893 4898 4897 4893.750514373926
15000 4893 4894 4897 4893.970351106627
15100 4894 4900 4897 4893.892766115881
15200 4894 4898 4897 4893.901340063858
15300 4893 4898 4897 4893.94920626949
15400 4893 4899 4897 4893.953267511946
15500 4892 4899 4897 4893.99698182807
15600 4892 4899 4896 4892.037200940458
15700 4892 4899 4896 4892.074204310173
15800 4893 4899 4896 4892.068271261116
15900 4892 4897 4896 4892.1827459705255
16000 4892 4893 4896 4892.447978958275
16100 4893 4899 4896 4892.4121605384325
16200 4893 4894 4896 4892.579094964743
16300 4893 4899 4896 4892.532793087851
16400 4893 4898 4896 4892.530171097315
16500 4893 4900 4896 4892.4478031641975
16600 4893 4900 4896 4892.372021007388
16700 4894 4900 4896 4892.262320264601
16800 4893 4900 4896 4892.201368501605
16900 4894 4900 4896 4892.105312379814
17000 4894 4900 4896 4892.016936481468
17100 4894 4900 4897 4893.935626729807
17200 4893 4900 4897 4893.900795939623
17300 4894 4900 4897.828772272971 4895
17400 4893 4900 4897.802485093433 4895
17500 4894 4900 4897.7383219280355 4895
17600 4895 4901 4897.599333380717 4895
17700 4895 4901 4897.47145774406 4895
17800 4894 4899 4897.473739856842 4895
17900 4894 4899 4897.475839501961 4895
18000 4895 4901 4897.357837890669 4895
18100 4895 4901 4897.249271167282 4895
18200 4895 4899 4897.229340545186 4895
18300 4894 4901 4897.171025694961 4895
18400 4899 4900 4898.957462271981 4896
18500 4899 4900 4898.760974437499 4896
18600 4894 4900 4898.780085866267 4896
18700 4894 4901 4898.757691436876 4896
18800 4895 4899 4898.77706535988 4896
18900 4899 4901 4898.555023473418 4896
19000 4894 4901 4898.5506240393925 4896
19100 4894 4900 4898.586554157374 4896
19200 4894 4899 4898.659589254426 4896
19300 4894 4900 4898.686806994854 4896
19400 4894 4899 4898.7518263176 4896
19500 4894 4901 4898.731691396964 4896
19600 4894 4895 4898.9530331318065 4896
19700 4894 4900 4898.956788395246 4896
19800 4893 4899 4897.040198989769 4895
19900 4893 4899 4897.116940441381 4895
20000 4893 4894 4897 4893.387434948735
20100 4893 4899 4897 4893.436412945986
20200 4893 4900 4897 4893.441497086113
20300 4893 4899 4897 4893.486152513524
20400 4893 4899 4897 4893.527237490096
20500 4893 4899 4897 4893.565037493317
20600 4892 4897 4897 4893.719748553209
20700 4892 4899 4897 4893.782134014373
20800 4891 4898 4897 4893.919486994842
20900 4891 4892 4896 4892.285724593467
21000 4891 4892 4896 4892.62267945051
21100 4890 4897 4896 4892.772781713973
21200 4896 4897 4896 4892.671015706984
21300 4891 4897 4896 4892.77727542408
21400 4891 4897 4896 4892.875039083294
21500 4892 4898 4896 4892.885030406538
21600 4896 4899 4896 4892.694333904256
21700 4892 4899 4896 4892.6787958231835
21800 4893 4899 4896 4892.624522305794
21900 4892 4897 4896 4892.694521637313
22000 4892 4898 4896 4892.71894633862
22100 4897 4899 4896 4892.501551392525
22200 4892 4899 4896 4892.5014273500265
22300 4892 4898 4896 4892.541291018105
22400 4891 4896 4896 4892.697900741324
22500 4897 4898 4896 4892.522166300964
22600 4896 4897 4896 4892.440438396025
22700 4891 4896 4896 4892.605111849678
22800 4892 4898 4896 4892.636685362893
22900 4891 4898 4896 4892.7057121900625
23000 4891 4896 4896 4892.849175522229
23100 4891 4897 4896 4892.941190367008
23200 4891 4896 4895 4891.065825903695
23300 4891 4893 4895 4891.300429511145
23400 4891 4898 4895 4891.316386286404
23500 4896 4898 4895 4891.13117826493
23600 4890 4891 4895 4891.480489964138
23700 4896 4897 4895 4891.322138729734
23800 4891 4898 4895 4891.336359731713
23900 4891 4897 4895 4891.389421477839
24000 4890 4897 4895 4891.478218433679
24100 4890 4897 4895 4891.559915576936
24200 4891 4895 4895 4891.675058369965
24300 4890 4891 4895 4891.980883817003
24400 4890 4897 4894 4890.02239005529
24500 4890 4895 4894 4890.140533223369
24600 4890 4892 4894 4890.369163563342
24700 4893 4896 4894 4890.299669081853
24800 4889 4892 4894 4890.555553413793
24900 4890 4896 4894 4890.591089400759
25000 4889 4896 4894 4890.663761879771
25100 4894 4896 4894 4890.530734824757
25200 4890 4896 4894 4890.568255196537
25300 4890 4896 4894 4890.602775605029
25400 4889 4896 4894 4890.674513706737
25500 4889 4896 4894 4890.740515946531
25600 4889 4895 4894 4890.841218731291
25700 4889 4895 4894 4890.933869765947
25800 4889 4895 4893 4889.0191128328925
25900 4888 4895 4893 4889.137518033206
26000 4894 4895 4893 4889.006589320306
26100 4894 4895 4894 4890.886129089288
26200 4891 4894 4894 4890.935211497296
26300 4888 4889 4893 4889.300191834123
26400 4888 4895 4893 4889.3961231983585
26500 4888 4895 4893 4889.484384314211
26600 4888 4894 4893 4889.605566253565
26700 4893 4895 4893 4889.477192263909
26800 4889 4895 4893 4889.518993662485
26900 4888 4895 4893 4889.597430598453
27000 4890 4892 4893 4889.7095738559765
27100 4889 4893 4893 4889.812750633699
27200 4894 4895 4893 4889.627833302965
27300 4889 4893 4893 4889.737545694452
27400 4889 4895 4893 4889.758530382085
27500 4888 4895 4893 4889.81781501942
27600 4888 4893 4893 4889.952315104244
27700 4888 4895 4893 4889.996105570683
27800 4889 4894 4892 4888.036394744744
27900 4888 4895 4892 4888.073462574309
28000 4888 4894 4892 4888.147544416547
28100 4888 4895 4892 4888.175725209039
28200 4887 4890 4892 4888.441519545883
28300 4888 4894 4892 4888.48617317751
28400 4887 4892 4892 4888.647189879937
28500 4887 4888 4892 4888.955243568409
28600 4887 4888 4891 4887.238666643893
28700 4888 4893 4891 4887.259561705358
28800 4886 4891 4891 4887.438697260693
28900 4887 4892 4891 4887.52355434247
29000 4887 4893 4891 4887.561648833915
29100 4887 4892 4891 4887.636675250682
29200 4887 4894 4891 4887.625747301008
29300 4893 4894 4891 4887.375826345836
29400 4888 4892 4891 4887.425732515728
29500 4889 4894 4891 4887.351715030536
29600 4888 4894 4891 4887.323593449385
29700 4888 4892 4891 4887.377675931088
29800 4893 4894 4891 4887.147589667511
29900 4887 4894 4891 4887.175766841936
30000 4888 4894 4891 4887.1617133012
30100 4887 4894 4891 4887.1887612122255
30200 4887 4889 4891 4887.413535455118
30300 4888 4894 4891 4887.380470985732
30400 4887 4894 4891 4887.390027998037
30500 4887 4893 4891 4887.438798666513
30600 4887 4893 4891 4887.483669847643
30700 4887 4893 4891 4887.524953327219
30800 4888 4893 4891 4887.522958169335
30900 4886 4893 4891 4887.601078120837
31000 4887 4892 4891 4887.672951945888
31100 4892 4893 4891 4887.499212301072
31200 4886 4891 4891 4887.659186452742
31300 4887 4893 4891 4887.686436399415
31400 4887 4892 4891 4887.751485353336
31500 4887 4894 4891 4887.731377694698
31600 4888 4894 4891 4887.67289996299
31700 4887 4892 4891 4887.739031230609
31800 4887 4892 4891 4887.799874934015
31900 4888 4894 4891 4887.735920465442
32000 4887 4891 4891 4887.836990684583
32100 4888 4894 4891 4887.770068604446
32200 4887 4891 4891 4887.868408489144
32300 4886 4892 4891 4887.958885550795
32400 4886 4892 4890 4886.042128466019
32500 4885 4892 4890 4886.158693437913
32600 4886 4891 4890 4886.265938389246
32700 4886 4892 4890 4886.324630715032
32800 4885 4892 4890 4886.418608054239
32900 4886 4890 4890 4886.5450491729625
33000 4886 4892 4890 4886.581425032653
33100 4885 4891 4890 4886.694848024559
33200 4889 4890 4890 4886.679268836697
33300 4885 4890 4890 4886.824846462661
33400 4885 4892 4890 4886.878828758954
33500 4886 4890 4890 4886.9684726618325
33600 4884 4891 4889 4885.090926826667
33700 4885 4891 4889 4885.163612304386
33800 4884 4889 4889 4885.350419550243
33900 4884 4891 4889 4885.442334928034
34000 4890 4891 4889 4885.2870344018775
34100 4885 4891 4889 4885.344039983624
34200 4885 4889 4889 4885.4764432360835
34300 4884 4891 4889 4885.558282316302
34400 4884 4890 4889 4885.673555697641
34500 4884 4891 4889 4885.739634535613
34600 4884 4891 4889 4885.800430001414
34700 4884 4891 4889 4885.856364530158
34800 4885 4886 4888 4884.0677379516555
34900 4884 4891 4888 4884.102299716765
35000 4884 4891 4888 4884.134098075713
35100 4884 4890 4888 4884.203331770943
35200 4886 4890 4888 4884.187074260173
35300 4884 4890 4888 4884.252072213564
35400 4886 4890 4888 4884.231917632173
35500 4883 4890 4888 4884.33330790019
35600 4883 4887 4888 4884.546524828034
35700 4883 4888 4888 4884.702716078916
35800 4883 4889 4888 4884.806441174218
35900 4883 4889 4888 4884.901872868808
36000 4883 4888 4887 4883.029652059079
36100 4884 4890 4887 4883.027281211338
36200 4885 4890 4888 4884.985122133431
36300 4884 4890 4888 4884.986311701961
36400 4884 4888 4887 4883.067361743215
36500 4884 4885 4887 4883.261864759032
36600 4885 4891 4887 4883.160971623565
36700 4885 4891 4887 4883.068145457804
36800 4884 4885 4887 4883.262585811262
36900 4885 4891 4887 4883.161635023642
37000 4888 4890 4888 4884.988800229969
37100 4884 4891 4888 4884.949717921452
37200 4884 4891 4888 4884.913760461791
37300 4883 4890 4888 4884.960633587236
37400 4883 4889 4887 4883.043736737183
37500 4883 4889 4887 4883.120195326131
37600 4888 4889 4888 4884.990651660415
37700 4883 4890 4887 4883.0313769050645
37800 4883 4889 4887 4883.1088237316235
37900 4882 4889 4887 4883.220056044515
38000 4883 4889 4887 4883.282416920032
38100 4884 4889 4887 4883.2998139025585
38200 4884 4889 4887 4883.315819899163
38300 4883 4890 4887 4883.330546126939
38400 4883 4890 4887 4883.344094910553
38500 4883 4889 4887 4883.396538185928
38600 4883 4890 4887 4883.404810535836
38700 4884 4890 4887 4883.372443672479
38800 4884 4890 4887 4883.342664720628
38900 4884 4891 4887 4883.275288969619
39000 4884 4890 4887 4883.253278078907
39100 4884 4890 4887 4883.233027081847
39200 4883 4889 4887 4883.294350850481
39300 4883 4890 4887 4883.310793648612
39400 4884 4891 4887 4883.245966167823
39500 4884 4891 4887 4883.186322006208
39600 4886 4890 4887 4883.091468935763
39700 4883 4889 4887 4883.1641110688315
39800 4883 4890 4887 4883.190967264943
39900 4884 4890 4887 4883.175698365488
40000 4883 4890 4887 4883.201628092512
40100 4886 4890 4887 4883.105551214978
40200 4884 4889 4887 4883.137089598484
40300 4884 4890 4887 4883.126128519389
40400 4884 4891 4887 4883.076066047104
40500 4884 4885 4887 4883.269873105208
40600 4883 4890 4887 4883.288273035791
40700 4888 4890 4887 4883.105312825726
40800 4883 4890 4887 4883.136870269784
40900 4884 4890 4887 4883.1259267272435
41000 4884 4885 4887 4883.31574714548
41100 4889 4890 4887 4883.090612434207
41200 4884 4891 4887 4883.043389671303
41300 4884 4891 4888 4884.99994263205
41400 4884 4886 4887 4883.159858389679
41500 4885 4891 4887 4883.067121233185
41600 4884 4891 4887 4883.02177672301
41700 4884 4891 4888 4884.980057759689
41800 4885 4888 4887 4883.021630045872
41900 4885 4890 4888 4884.979922810207
42000 4886 4892 4888 4884.821616922929
42100 4886 4893 4888 4884.635990682849
42200 4887 4894 4888 4884.3852507120855
42300 4887 4893 4888 4884.194536595145
42400 4886 4891 4888 4884.139004515118
42500 4886 4893 4888 4884.007956949687
42600 4891 4892 4889 4885.727476198319
42700 4886 4893 4889 4885.629332620354
42800 4886 4892 4889 4885.579013962301
42900 4885 4892 4889.572696354693 4887
43000 4885 4890 4889.64683946047 4887
43100 4888 4892 4889.515165447397 4887
43200 4886 4891 4889.513952885172 4887
43300 4892 4894 4889.153037139903 4887
43400 4887 4893 4889.060845380428 4887
43500 4887 4891 4889.055980452419 4887
43600 4886 4891 4889.091482295262 4887
43700 4885 4890 4889 4885.204101152849
43800 4886 4893 4889 4885.1478043330135
43900 4886 4887 4889 4885.3358755144745
44000 4887 4888 4889 4885.428953769159
44100 4886 4893 4889 4885.354678726764
44200 4886 4893 4889 4885.286342388861
44300 4887 4894 4889 4885.143514337487
44400 4887 4892 4889 4885.0920617719385
44500 4886 4893 4889 4885.044723126388
44600 4886 4893 4889 4885.001169469953
44700 4891 4893 4890 4886.761209208187
44800 4887 4894 4890.660368487672 4888
44900 4887 4894 4890.567590545995 4888
45000 4887 4888 4890.722097475065 4888
45100 4887 4894 4890.624383956067 4888
45200 4888 4894 4890.494505385992 4888
45300 4888 4895 4890.33503354033 4888
45400 4889 4894 4890.188312359438 4888
45500 4888 4895 4890.053322356451 4888
45600 4889 4895 4891.889147765486 4889
45700 4889 4895 4891.738099850045 4889
45800 4890 4896 4891.519173473731 4889
45900 4891 4897 4891.237795898617 4889
46000 4890 4897 4891.018893824918 4889
46100 4891 4898 4892.73753860929 4890
46200 4890 4897 4892.558634899995 4890
46300 4890 4897 4892.394035541502 4890
46400 4895 4897 4892.042707857641 4890
46500 4890 4897 4893.919359747828 4891
46600 4895 4897 4893.605985044912 4891
46700 4889 4896 4893.597510948605 4891
46800 4890 4897 4893.509758818259 4891
46900 4890 4894 4893.548956338918 4891
47000 4890 4896 4893.5050642134975 4891
47100 4889 4896 4893.504659301342 4891
47200 4895 4896 4893.264420008064 4891
47300 4890 4896 4893.243278151535 4891
47400 4891 4896 4893.183848911836 4891
47500 4890 4896 4893.169149164471 4891
47600 4890 4896 4893.15562474401 4891
47700 4891 4897 4893.063226091133 4891
47800 4890 4897 4893.018193019321 4891
47900 4890 4897 4894.9767605931265 4892
48000 4890 4895 4893.018596506192 4891
48100 4890 4897 4894.977131818969 4892
48200 4890 4897 4894.938982465084 4892
48300 4895 4897 4894.703994401694 4892
48400 4889 4896 4894.767639495265 4892
48500 4894 4896 4894.626306844697 4892
48600 4889 4896 4894.696163492363 4892
48700 4889 4896 4894.760434710873 4892
48800 4890 4896 4894.779589293799 4892
48900 4890 4897 4894.75723456815 4892
49000 4890 4896 4894.776645020362 4892
49100 4890 4897 4894.754525705819 4892
49200 4890 4897 4894.734174954019 4892
49300 4892 4897 4894.635495773121 4892
49400 4891 4898 4894.544706543895 4892
49500 4891 4897 4894.5011542133225 4892
49600 4890 4895 4894.581017512891 4892
49700 4896 4897 4894.334672954111 4892
49800 4890 4895 4894.427847360213 4892
49900 4890 4896 4894.473594159448 4892
50000 4893 4894 4894.475705453887 4892
50100 4892 4896 4894.437670145857 4892
50200 4894 4896 4894.322720387775 4892
50300 4890 4897 4894.336894882945 4892
50400 4890 4897 4894.349936048056 4892
50500 4891 4897 4894.321956706492 4892
50600 4895 4896 4894.176281091503 4892
50700 4891 4897 4894.162186433642 4892
50800 4891 4897 4894.1492187224 4892
50900 4891 4897 4894.137287852102 4892
51000 4890 4896 4894.206266506894 4892
51100 4891 4895 4894.269729932964 4892
51200 4895 4897 4894.08825234754 4892
51300 4891 4895 4894.161151664803 4892
51400 4891 4897 4894.14826668911 4892
51500 4891 4898 4894.096434146506 4892
51600 4891 4896 4894.128701490558 4892
51700 4896 4897 4895.918522124116 4893
51800 4891 4898 4895.885058942692 4893
51900 4892 4898 4895.814293536841 4893
52000 4892 4898 4895.74918622044 4893
52100 4891 4897 4895.769240183004 4893
52200 4891 4896 4895.827668511937 4893
52300 4892 4899 4895.721513998887 4893
52400 4892 4898 4895.663824924753 4893
52500 4891 4898 4895.650726206995 4893
52600 4891 4897 4895.678652597569 4893
52700 4891 4895 4895.784301702609 4893
52800 4891 4892 4894.001436949667 4892
52900 4891 4895 4894.081277642886 4892
53000 4891 4898 4894.034801248686 4892
53100 4892 4898 4895.952063109105 4893
53200 4897 4899 4895.636073589795 4893
53300 4892 4899 4895.545238160898 4893
53400 4892 4899 4895.461665531891 4893
53500 4892 4897 4895.464730586729 4893
53600 4892 4893 4895.627461744054 4893
53700 4892 4899 4895.537314880325 4893
53800 4893 4899 4895.414397969169 4893
53900 4892 4896 4895.461220122338 4893
54000 4891 4894 4895.624231960898 4893
54100 4892 4899 4895.534343336372 4893
54200 4891 4898 4895.531597394809 4893
54300 4892 4898 4895.489093213926 4893
54400 4892 4899 4895.41000968702 4893
54500 4892 4897 4895.417204915172 4893
54600 4892 4899 4895.3438692592745 4893
54700 4893 4899 4895.236419405987 4893
54800 4893 4899 4895.137560768618 4893
54900 4898 4899 4896.846717468041 4894
55000 4893 4899 4896.7790176772405 4894
55100 4894 4900 4896.636775277471 4894
55200 4895 4900 4896.465928159356 4894
55300 4894 4899 4896.388696807949 4894
55400 4895 4901 4896.197707156396 4894
55500 4894 4901 4896.061965986919 4894
55600 4894 4899 4896.017033667476 4894
55700 4893 4898 4896.055649523308 4894
55800 4894 4900 4897.971244447725 4895
55900 4894 4897 4896.013521407425 4894
56000 4895 4900 4897.892506917324 4895
56100 4894 4899 4897.861123796987 4895
56200 4897 4900 4897.672338761667 4895
56300 4894 4901 4897.578603729725 4895
56400 4894 4900 4897.532341129817 4895
56500 4894 4899 4897.529755275851 4895
56600 4894 4899 4897.527376175353 4895
56700 4895 4901 4897.4052539191725 4895
56800 4894 4900 4897.372851604841 4895
56900 4894 4900 4897.34304003652 4895
57000 4894 4898 4897.395567654965 4895
57100 4899 4900 4897.164050848132 4895
57200 4894 4895 4897.350823029966 4895
57300 4894 4900 4897.322772769243 4895
57400 4893 4899 4897.376920868907 4895
57500 4892 4899 4897.4667173182515 4895
57600 4892 4899 4897.549334039923 4895
57700 4893 4899 4897.585367300568 4895
57800 4892 4897 4897.738452878821 4895
57900 4893 4899 4897.759365031997 4895
58000 4892 4899 4897.818582934409 4895
58100 4894 4900 4897.753132656714 4895
58200 4893 4899 4897.7728710796555 4895
58300 4893 4900 4897.751053512751 4895
58400 4893 4900 4897.73098038218 4895
58500 4894 4900 4897.672534417828 4895
58600 4893 4899 4897.698717120139 4895
58700 4893 4899 4897.722806369161 4895
58800 4893 4900 4897.7049917554905 4895
58900 4899 4900 4897.448734763571 4895
59000 4894 4901 4897.372878120189 4895
59100 4894 4900 4897.343064431817 4895
59200 4893 4900 4897.355612307037 4895
59300 4894 4900 4897.327179116863 4895
59400 4894 4901 4897.261041526368 4895
59500 4894 4900 4897.2401697983205 4895
59600 4894 4901 4897.180989088823 4895
59700 4899 4901 4898.926651244168 4896
59800 4894 4900 4898.932515886877 4896
59900 4894 4900 4898.937911618645 4896
60000 4898 4900 4898.78296476078 4896
60100 4893 4900 4898.840295733064 4896
60200 4894 4900 4898.853064981213 4896
60300 4894 4900 4898.864813256651 4896
60400 4893 4900 4898.915599984536 4896
60500 4893 4900 4898.962326029863 4896
60600 4893 4900 4897.005316066884 4895
60700 4894 4900 4897.004891017644 4895
60800 4899 4900 4898.804610990039 4896
60900 4899 4901 4898.580366676593 4896
61000 4894 4900 4898.613918704607 4896
61100 4894 4895 4898.844677024008 4896
61200 4894 4901 4898.817118170789 4896
61300 4893 4900 4898.871718387183 4896
61400 4893 4900 4898.921953011314 4896
61500 4898 4900 4898.76828213324 4896
61600 4893 4899 4898.866764856289 4896
61700 4893 4899 4898.957373335566 4896
61800 4893 4899 4897.040737160844 4895
61900 4892 4897 4897.237368960729 4895
62000 4892 4899 4897.338323364581 4895
62100 4892 4897 4897.511161485348 4895
62200 4893 4898 4897.5902246476235 4895
62300 4892 4899 4897.662966268478 4895
62400 4892 4899 4897.729891790456 4895
62500 4892 4899 4897.7914662431485 4895
62600 4897 4899 4897.648228511006 4895
62700 4894 4900 4897.596399020954 4895
62800 4893 4899 4897.6286691734895 4895
62900 4894 4900 4897.578403561718 4895
63000 4893 4900 4897.572134759046 4895
63100 4893 4900 4897.566367182161 4895
63200 4893 4900 4897.561060755263 4895
63300 4899 4900 4897.31631185072 4895
63400 4894 4900 4897.291020951536 4895
63500 4893 4896 4897.467641164427 4895
63600 4899 4900 4897.230361677955 4895
63700 4894 4899 4897.251920767833 4895
63800 4894 4901 4897.191800502689 4895
63900 4894 4897 4897.296398359278 4895
64000 4894 4895 4897.472588618386 4895
64100 4894 4899 4897.474780311449 4895
64200 4895 4901 4897.356863388354 4895
64300 4896 4901 4897.208396789185 4895
64400 4894 4901 4897.151756509231 4895
64500 4895 4901 4897.059667143331 4895
64600 4895 4901 4898.974940836589 4896
64700 4895 4902 4898.857011078612 4896
64800 4895 4902 4898.748510463467 4896
64900 4895 4900 4898.72864066389 4896
65000 4895 4900 4898.710359565769 4896
65100 4896 4902 4898.573606765493 4896
65200 4895 4900 4898.567721493471 4896
65300 4894 4899 4898.64226236719 4896
65400 4900 4901 4898.391020940233 4896
65500 4894 4901 4898.39973442475 4896
65600 4895 4901 4898.367773424827 4896
65700 4894 4901 4898.378345678047 4896
65800 4894 4901 4898.388072620572 4896
65900 4895 4901 4898.357044047028 4896
66000 4897 4901 4898.248540795874 4896
66100 4899 4900 4898.108735192995 4896
66200 4894 4900 4898.179996792359 4896
66300 4898 4900 4898.08564945809 4896
66400 4893 4899 4898.238712476274 4896
66500 4897 4898 4898.259603873184 4896
66600 4896 4898 4898.318802678909 4896
66700 4896 4898 4898.37326820947 4896
66800 4891 4898 4898.623267880079 4896
66900 4891 4898 4898.853278680682 4896
67000 4892 4898 4897.024921040396 4895
67100 4891 4898 4897.22281742745 4895
67200 4891 4898 4897.404890893034 4895
67300 4890 4891 4897 4893.892228909579
67400 4891 4897 4896 4892.060756980941
67500 4891 4898 4896 4892.1758324990205
67600 4891 4897 4896 4892.321684879375
67700 4891 4898 4896 4892.415897754596
67800 4892 4898 4896 4892.462599991543
67900 4892 4899 4896 4892.465590331112
68000 4892 4897 4896 4892.548297161701
68100 4892 4897 4896 4892.624391119236
68200 4892 4893 4896 4892.854312110594
68300 4891 4892 4895 4891.14580521987
68400 4892 4898 4895 4891.134147278166
68500 4897 4899 4896 4892.883554697903
68600 4892 4899 4896 4892.85288735751
68700 4894 4899 4896 4892.744716456899
68800 4893 4898 4896 4892.725150009338
68900 4897 4899 4896 4892.507259045119
69000 4893 4900 4896 4892.426723058547
69100 4893 4900 4896 4892.352626373925
69200 4893 4898 4896.364409718466 4894
69300 4893 4896 4896.455206504167 4894
69400 4893 4900 4896.378832408977 4894
69500 4893 4898 4896.388520434645 4894
69600 4893 4900 4896.3174782631795 4894
69700 4894 4901 4896.172160724748 4894
69800 4894 4901 4896.038462135167 4894
69900 4896 4901 4897.835497909208 4895
70000 4895 4902 4897.648761806745 4895
70100 4895 4902 4897.476956298664 4895
70200 4896 4902 4897.2789098078665 4895
70300 4896 4902 4897.0966982401715 4895
70400 4895 4902 4898.969033297718 4896
70500 4898 4902 4898.731642502414 4896
70600 4894 4901 4898.713121390537 4896
70700 4894 4901 4898.696081145002 4896
70800 4895 4899 4898.720381154958 4896
70900 4894 4895 4898.94262720682 4896
71000 4895 4901 4898.867258896713 4896
71100 4896 4902 4898.7179611185875 4896
71200 4896 4902 4898.580600531707 4896
71300 4896 4902 4898.454222690957 4896
71400 4895 4902 4898.377927257127 4896
71500 4895 4902 4898.307732069371 4896
71600 4896 4902 4898.203171586257 4896
71700 4895 4901 4898.186926883147 4896
71800 4894 4901 4898.211958827469 4896
71900 4894 4895 4898.474856084142 4896
72000 4896 4900 4898.436888687967 4896
72100 4893 4900 4898.521890375236 4896
72200 4892 4899 4898.680051288211 4896
72300 4893 4899 4898.785588560121 4896
72400 4893 4900 4898.842709744992 4896
72500 4893 4899 4898.935241564775 4896
72600 4896 4899 4898.900441570686 4896
72700 4892 4899 4897.028335201236 4895
72800 4893 4899 4897.106025229005 4895
72900 4893 4897 4897 4893.257459090498
73000 4893 4900 4897.276851590894 4895
73100 4893 4895 4897 4893.494582515995
73200 4893 4898 4897 4893.57497125947
73300 4893 4900 4897 4893.568976888533
73400 4893 4898 4897 4893.643417386404
73500 4898 4899 4897 4893.47203919458
73600 4893 4900 4897.474274817146 4895
73700 4892 4899 4897 4893.5562872745695
73800 4893 4899 4897 4893.591764585268
73900 4892 4899 4897 4893.6643830795065
74000 4892 4893 4897 4893.971062075642
74100 4892 4898 4896 4892.053331409695
74200 4892 4896 4896 4892.208978436355
74300 4897 4898 4896 4892.072336065091
74400 4891 4898 4896 4892.186485770719
74500 4896 4897 4896 4892.131597399072
74600 4891 4897 4896 4892.280986622737
74700 4890 4893 4896 4892.618320307003
74800 4890 4896 4896 4892.808748901022
74900 4890 4896 4896 4892.983951665335
75000 4890 4896 4895 4891.145145990068
75100 4890 4895 4895 4891.333429720894
75200 4890 4893 4895 4891.5866147011775
75300 4892 4898 4895 4891.5397115793585
75400 4892 4899 4895 4891.456580831414
75500 4892 4898 4895 4891.420074643769
75600 4892 4898 4895 4891.386487329727
75700 4898 4899 4895 4891.075740960243
75800 4892 4897 4895 4891.109662840116
75900 4892 4893 4895 4891.300783646967
76000 4893 4898 4895 4891.236756521718
76100 4892 4899 4895 4891.177848722748
76200 4893 4899 4895 4891.083673138643
76300 4893 4899 4896 4892.997027418492
76400 4892 4899 4896 4892.957287300301
76500 4893 4900 4896 4892.840769041152
76600 4893 4900 4896 4892.73356706762
76700 4896 4900 4896.5150031125795 4894
76800 4893 4898 4896 4892.513803529931
76900 4894 4900 4896.392766482559 4894
77000 4893 4900 4896.321384815847 4894
77100 4895 4900 4896.17575492671 4894
77200 4894 4901 4896.041768960607 4894
77300 4895 4901 4897.878518128171 4895
77400 4894 4901 4897.768297904289 4895
77500 4895 4901 4897.6269126102425 4895
77600 4895 4901 4897.496831860144 4895
77700 4894 4901 4897.41712958525 4895
77800 4895 4901 4897.303822159716 4895
77900 4895 4899 4897.279529881087 4895
78000 4894 4901 4897.217202113131 4895
78100 4895 4901 4897.119880005662 4895
78200 4899 4901 4898.870428173523 4896
78300 4894 4900 4898.880788164756 4896
78400 4894 4901 4898.850342024141 4896
78500 4894 4900 4898.8623080152065 4896
78600 4894 4898 4898.953272843823 4896
78700 4894 4900 4898.957008940947 4896
78800 4899 4901 4898.720579560128 4896
78900 4894 4900 4898.742920784962 4896
79000 4894 4901 4898.723497911402 4896
79100 4894 4901 4898.7056280050665 4896
79200 4895 4899 4898.729164690238 4896
79300 4895 4901 4898.670863900598 4896
79400 4895 4902 4898.577246792036 4896
79500 4895 4896 4898.730981650302 4896
79600 4895 4900 4898.712513377242 4896
79700 4895 4896 4898.855432916507 4896
79800 4894 4901 4898.827014069608 4896
79900 4894 4898 4898.920800846304 4896
80000 4894 4900 4898.927133260998 4896
80100 4894 4900 4898.9329593637685 4896
80200 4894 4901 4898.898341844397 4896
80300 4894 4900 4898.906469981735 4896
80400 4894 4901 4898.873970436411 4896
80500 4894 4901 4898.844069411256 4896
80600 4894 4900 4898.856536932756 4896
80700 4895 4900 4898.8280298135915 4896
80800 4894 4898 4898.921735375883 4896
80900 4894 4899 4898.9679708624035 4896
81000 4894 4901 4898.9305539781635 4896
81100 4894 4900 4898.936106575491 4896
81200 4894 4899 4898.981193004334 4896
81300 4899 4900 4898.782807765256 4896
81400 4894 4900 4898.800173497522 4896
81500 4895 4901 4898.73619515713 4896
81600 4894 4901 4898.71731003508 4896
81700 4895 4901 4898.659957091333 4896
81800 4896 4902 4898.527234250406 4896
81900 4895 4902 4898.445101134602 4896
82000 4894 4899 4898.529446190892 4896
82100 4894 4900 4898.567069596147 4896
82200 4893 4900 4898.641662592698 4896
82300 4894 4900 4898.670313669859 4896
82400 4893 4900 4898.73665172606 4896
82500 4896 4899 4898.717730098774 4896
82600 4893 4899 4898.82025473933 4896
82700 4892 4897 4897.034515340291 4895
82800 4897 4899 4898.951800060684 4896
82900 4893 4899 4897.035609500417 4895
83000 4894 4896 4897 4893.192673492708
83100 4893 4900 4897 4893.217245963499
83200 4893 4900 4897 4893.239853728004
83300 4894 4898 4897 4893.3006316681485
83400 4893 4900 4897 4893.316572279827
83500 4898 4899 4897 4893.171327179824
83600 4893 4899 4897 4893.237584200242
83700 4893 4897 4897 4893.378499187179
83800 4893 4900 4897 4893.388213855791
83900 4894 4899 4897 4893.397151782388
84000 4892 4899 4897 4893.485330657202
84100 4891 4897 4897 4893.686392516519
84200 4895 4897 4897 4893.711467186437
84300 4890 4891 4896 4892.174292715983
84400 4890 4896 4896 4892.400223795963
84500 4891 4897 4896 4892.528134838819
84600 4894 4898 4896 4892.485907508627
84700 4891 4896 4896 4892.646945452766
84800 4891 4898 4896 4892.715151928443
84900 4890 4895 4896 4892.9378160861725
85000 4891 4897 4895 4891.022743622773
85100 4891 4896 4895 4891.1408585211575
85200 4891 4898 4895 4891.169573888329
85300 4891 4897 4895 4891.235971094195
85400 4891 4897 4895 4891.297059472598
85500 4890 4891 4895 4891.633108042745
85600 4890 4895 4895 4891.782376482011
85700 4890 4897 4895 4891.839754490468
85800 4891 4897 4895 4891.852567013985
85900 4891 4897 4895 4891.864355104684
86000 4889 4890 4894 4890.23500080586
86100 4890 4896 4894 4890.296166764236
86200 4895 4897 4894 4890.112575406492
86300 4891 4897 4894 4890.103574373968
86400 4891 4897 4894 4890.095293024267
86500 4891 4898 4894 4890.047696022045
86600 4890 4891 4894 4890.32372700748
86700 4891 4898 4894 4890.257865432411
86800 4890 4895 4894 4890.357181028871
86900 4895 4897 4894 4890.168711239883
87000 4891 4897 4894 4890.155221833939
87100 4890 4897 4894 4890.18278877403
87200 4890 4897 4894 4890.208151583289
87300 4890 4896 4894 4890.271464286971
87400 4890 4896 4894 4890.3297147863705
87500 4893 4897 4894 4890.223396662251
87600 4895 4897 4894 4890.045623680609
87700 4890 4891 4894 4890.321820361317
87800 4890 4897 4894 4890.33606681863
87900 4895 4897 4894 4890.149285228681
88000 4890 4896 4894 4890.217304626205
88100 4890 4896 4894 4890.279885492983
88200 4891 4893 4894 4890.417418255297
88300 4891 4897 4894 4890.38404333435
88400 4896 4897 4894 4890.153447961318
88500 4890 4897 4894 4890.181156732433
88600 4891 4897 4894 4890.166672239847
88700 4890 4896 4894 4890.233301448716
88800 4889 4896 4894 4890.3345810728715
88900 4889 4893 4894 4890.547696203448
89000 4890 4895 4894 4890.623838210951
89100 4888 4889 4893 4889.013714581157
89200 4888 4895 4893 4889.132551401848
89300 4888 4895 4893 4889.241886554978
89400 4888 4894 4893 4889.382457544622
89500 4888 4894 4893 4889.511789098504
89600 4887 4888 4893 4889.910624421085
89700 4887 4894 4892 4888.037703875872
89800 4892 4894 4893 4889.954733655035
89900 4887 4893 4892 4888.118264122885
90000 4886 4891 4892 4888.388652794509
90100 4886 4893 4892 4888.557466796245
90200 4887 4893 4892 4888.672805382967
90300 4886 4893 4892 4888.818899798158
90400 4886 4893 4892 4888.953313148862
90500 4889 4892 4892 4888.9970238160595
90600 4887 4893 4891 4887.077217363959
90700 4887 4894 4891 4887.111021197108
90800 4886 4891 4891 4887.302033395731
90900 4887 4893 4891 4887.3578397241445
91000 4887 4893 4891 4887.409184024902
91100 4887 4894 4891 4887.416445269352
91200 4887 4894 4891 4887.423125936752
91300 4887 4894 4891 4887.429272447479
91400 4887 4892 4891 4887.514883095713
91500 4887 4894 4891 4887.513693109084
91600 4888 4889 4891 4887.672509439272
91700 4888 4895 4891 4887.578760760703
91800 4888 4889 4891 4887.732374568717
91900 4888 4894 4891 4887.673817131365
92000 4891 4893 4891 4887.539986102823
92100 4889 4895 4891 4887.416855612509
92200 4890 4896 4891 4887.223614507254
92300 4891 4895 4891 4887.045824107688
92400 4888 4893 4891 4887.082138007019
92500 4888 4893 4891 4887.115548407272
92600 4888 4889 4891 4887.306198630157
92700 4888 4895 4891 4887.241738546758
92800 4889 4895 4891 4887.142454614374
92900 4889 4895 4891 4887.051108986923
93000 4888 4895 4891 4887.007044745271
93100 4890 4895 4892 4888.886548100482
93200 4889 4895 4892 4888.815663628149
93300 4888 4893 4892 4888.870380143351
93400 4889 4896 4892 4888.760810596809
93500 4889 4895 4892 4888.699979540185
93600 4889 4894 4892 4888.683990058988
93700 4889 4895 4892 4888.629301233434
93800 4889 4895 4892 4888.5789850849405
93900 4889 4895 4892 4888.532691993553
94000 4889 4894 4892 4888.530078086072
94100 4889 4896 4892 4888.447717589722
94200 4888 4893 4892 4888.531853445811
94300 4889 4895 4892 4888.4893287922205
94400 4889 4895 4892 4888.4502042222
94500 4888 4895 4892 4888.454185672763
94600 4887 4894 4892 4888.537804369486
94700 4892 4894 4892 4888.414848320938
94800 4887 4894 4892 4888.501612258654
94900 4887 4894 4892 4888.581438934941
95000 4888 4895 4892 4888.574927437226
95100 4893 4894 4892 4888.409025399381
95200 4888 4894 4892 4888.456277119512
95300 4893 4895 4892 4888.259884044589
95400 4888 4895 4892 4888.2790826563605
95500 4889 4896 4892 4888.216790646518
95600 4890 4897 4892 4888.079523645418
95700 4891 4895 4893 4889.993209700427
95800 4890 4897 4893 4889.873819244748
95900 4896 4897 4893 4889.524107966729
96000 4896 4897 4893.202358058655 4891
96100 4891 4896 4893.146200608935 4891
96200 4891 4896 4893.094533260981 4891
96300 4891 4898 4894.967041420706 4892
96400 4891 4898 4894.84974326515 4892
96500 4891 4898 4894.741823752285 4892
96600 4891 4897 4894.682510799929 4892
96700 4891 4898 4894.587962456714 4892
96800 4891 4898 4894.500973781626 4892
96900 4892 4898 4894.380962544291 4892
97000 4892 4896 4894.350502461058 4892
97100 4892 4899 4894.202544453554 4892
97200 4897 4899 4895.866527551724 4893
97300 4897 4899 4895.557377077975 4893
97400 4897 4899 4895.272944911321 4893
97500 4892 4899 4895.211143648477 4893
97600 4893 4899 4895.114305949095 4893
97700 4892 4899 4895.065188757339 4893
97800 4892 4899 4895.019998759401 4893
97900 4893 4899 4896.938444161516 4894
98000 4892 4899 4896.9033881019295 4894
98100 4893 4899 4896.831157177423 4894
98200 4891 4898 4896.884634896823 4894
98300 4891 4898 4896.933836773864 4894
98400 4891 4898 4896.979104686025 4894
98500 4893 4895 4895.060730968456 4893
98600 4891 4897 4895.135830773693 4893
98700 4890 4897 4895.244903722727 4893
98800 4894 4896 4895.225322302217 4893
98900 4890 4897 4895.327239903702 4893
99000 4890 4893 4895.580919794443 4893
99100 4890 4897 4895.654405390281 4893
99200 4890 4897 4895.722015402287 4893
99300 4895 4896 4895.6243084454645 4893
99400 4889 4894 4895 4891.854236047053
99500 4889 4896 4895 4891.985824067292
99600 4889 4892 4894 4890.266802061087
99700 4892 4896 4894 4890.245469746114
99800 4890 4895 4894 4890.3457764469285
99900 4891 4896 4894 4890.358107481393


Submission logs:
