Sandbox logs:
0 OpenBLAS WARNING - could not determine the L2 cache size on this system, assuming 256k
START RequestId: 9d552a72-bfc9-4295-85c1-17b55f83f94d Version: $LATEST
4893 4899 4897 4895
END RequestId: 9d552a72-bfc9-4295-85c1-17b55f83f94d
REPORT RequestId: 9d552a72-bfc9-4295-85c1-17b55f83f94d	Duration: 5.53 ms	Billed Duration: 6 ms	Memory Size: 128 MB	Max Memory Used: 94 MB	Init Duration: 1622.90 ms	

100 4897 4898 4897 4895
200 4892 4899 4897 4895
300 4898 4900 4897 4895
400 4894 4896 4897 4895
500 4898 4899 4897 4895
600 4892 4899 4897 4895
700 4891 4898 4897 4895
800 4894 4898 4897 4895
900 4892 4898 4897 4895
1000 4891 4897 4896 4894
1100 4891 4896 4896 4894
1200 4891 4898 4896 4894
1300 4890 4897 4896 4894
1400 4890 4897 4896 4894
1500 4896 4897 4896 4894
1600 4891 4897 4896 4894
1700 4890 4892 4895 4893
1800 4890 4895 4895 4893
1900 4890 4891 4895 4893
2000 4890 4896 4895 4893
2100 4890 4896 4895 4893
2200 4890 4896 4895 4893
2300 4890 4892 4894 4892
2400 4890 4896 4894 4892
2500 4891 4896 4894 4892
2600 4890 4894 4894 4892
2700 4890 4896 4894 4892
2800 4890 4897 4894 4892
2900 4891 4897 4894 4892
3000 4896 4897 4894 4892
3100 4892 4897 4894 4892
3200 4891 4898 4894 4892
3300 4891 4897 4894 4892
3400 4892 4897 4894 4892
3500 4894 4896 4895 4893
3600 4891 4896 4895 4893
3700 4893 4898 4895 4893
3800 4892 4899 4895 4893
3900 4892 4898 4895 4893
4000 4891 4898 4895 4893
4100 4892 4897 4895 4893
4200 4893 4899 4895 4893
4300 4892 4897 4895 4893
4400 4892 4899 4895 4893
4500 4892 4899 4895 4893
4600 4892 4899 4895 4893
4700 4893 4899 4895 4893
4800 4898 4899 4896 4894
4900 4893 4899 4896 4894
5000 4893 4899 4896 4894
5100 4893 4899 4896 4894
5200 4894 4900 4896 4894
5300 4893 4900 4896 4894
5400 4894 4901 4896 4894
5500 4895 4901 4896 4894
5600 4896 4901 4897 4895
5700 4899 4901 4897 4895
5800 4894 4897 4897 4895
5900 4895 4901 4897 4895
6000 4894 4899 4897 4895
6100 4895 4901 4897 4895
6200 4900 4901 4897 4895
6300 4894 4897 4897 4895
6400 4894 4897 4897 4895
6500 4894 4901 4897 4895
6600 4894 4901 4897 4895
6700 4894 4900 4897 4895
6800 4893 4899 4897 4895
6900 4893 4900 4897 4895
7000 4894 4900 4897 4895
7100 4893 4898 4897 4895
7200 4893 4898 4897 4895
7300 4893 4900 4897 4895
7400 4894 4901 4897 4895
7500 4894 4901 4897 4895
7600 4894 4901 4897 4895
7700 4894 4899 4897 4895
7800 4894 4901 4897 4895
7900 4895 4900 4897 4895
8000 4901 4902 4898 4896
8100 4896 4902 4898 4896
8200 4899 4903 4898 4896
8300 4897 4903 4898 4896
8400 4898 4904 4899 4897
8500 4901 4903 4899 4897
8600 4896 4903 4899 4897
8700 4901 4903 4899 4897
8800 4896 4902 4899 4897
8900 4896 4903 4899 4897
9000 4895 4902 4899 4897
9100 4896 4897 4899 4897
9200 4896 4903 4899 4897
9300 4896 4902 4899 4897
9400 4895 4902 4899 4897
9500 4896 4902 4899 4897
9600 4896 4900 4899 4897
9700 4896 4902 4899 4897
9800 4896 4902 4899 4897
9900 4895 4896 4899 4897
10000 4895 4902 4899 4897
10100 4895 4902 4899 4897
10200 4895 4902 4899 4897
10300 4895 4901 4899 4897
10400 4895 4902 4899 4897
10500 4895 4901 4899 4897
10600 4895 4902 4899 4897
10700 4895 4902 4899 4897
10800 4895 4900 4899 4897
10900 4895 4901 4899 4897
11000 4894 4895 4899 4897
11100 4894 4899 4898 4896
11200 4894 4901 4898 4896
11300 4894 4899 4898 4896
11400 4894 4901 4898 4896
11500 4894 4900 4898 4896
11600 4893 4899 4898 4896
11700 4893 4899 4898 4896
11800 4894 4900 4898 4896
11900 4894 4900 4898 4896
12000 4893 4900 4898 4896
12100 4894 4900 4898 4896
12200 4894 4900 4898 4896
12300 4893 4898 4898 4896
12400 4894 4900 4898 4896
12500 4892 4899 4897 4895
12600 4892 4899 4897 4895
12700 4892 4897 4897 4895
12800 4892 4896 4897 4895
12900 4892 4897 4897 4895
13000 4892 4897 4897 4895
13100 4892 4899 4897 4895
13200 4897 4899 4897 4895
13300 4893 4899 4897 4895
13400 4893 4900 4897 4895
13500 4897 4900 4897 4895
13600 4893 4898 4897 4895
13700 4897 4899 4897 4895
13800 4894 4900 4897 4895
13900 4893 4900 4897 4895
14000 4894 4900 4897 4895
14100 4894 4898 4897 4895
14200 4893 4900 4897 4895
14300 4898 4900 4897 4895
14400 4894 4901 4897 4895
14500 4893 4898 4897 4895
14600 4893 4894 4897 4895
14700 4893 4900 4897 4895
14800 4894 4896 4897 4895
14900 4893 4898 4897 4895
15000 4893 4894 4897 4895
15100 4894 4900 4897 4895
15200 4894 4898 4897 4895
15300 4893 4898 4897 4895
15400 4893 4899 4897 4895
15500 4892 4899 4897 4895
15600 4892 4899 4896 4894
15700 4892 4899 4896 4894
15800 4893 4899 4896 4894
15900 4892 4897 4896 4894
16000 4892 4893 4896 4894
16100 4893 4899 4896 4894
16200 4893 4894 4896 4894
16300 4893 4899 4896 4894
16400 4893 4898 4896 4894
16500 4893 4900 4896 4894
16600 4893 4900 4896 4894
16700 4894 4900 4896 4894
16800 4893 4900 4896 4894
16900 4894 4900 4896 4894
17000 4894 4900 4896 4894
17100 4894 4900 4897 4895
17200 4893 4900 4897 4895
17300 4894 4900 4897 4895
17400 4893 4900 4897 4895
17500 4894 4900 4897 4895
17600 4895 4901 4897 4895
17700 4895 4901 4897 4895
17800 4894 4899 4897 4895
17900 4894 4899 4897 4895
18000 4895 4901 4897 4895
18100 4895 4901 4897 4895
18200 4895 4899 4897 4895
18300 4894 4901 4897 4895
18400 4899 4900 4898 4896
18500 4899 4900 4898 4896
18600 4894 4900 4898 4896
18700 4894 4901 4898 4896
18800 4895 4899 4898 4896
18900 4899 4901 4898 4896
19000 4894 4901 4898 4896
19100 4894 4900 4898 4896
19200 4894 4899 4898 4896
19300 4894 4900 4898 4896
19400 4894 4899 4898 4896
19500 4894 4901 4898 4896
19600 4894 4895 4898 4896
19700 4894 4900 4898 4896
19800 4893 4899 4897 4895
19900 4893 4899 4897 4895
20000 4893 4894 4897 4895
20100 4893 4899 4897 4895
20200 4893 4900 4897 4895
20300 4893 4899 4897 4895
20400 4893 4899 4897 4895
20500 4893 4899 4897 4895
20600 4892 4897 4897 4895
20700 4892 4899 4897 4895
20800 4891 4898 4897 4895
20900 4891 4892 4896 4894
21000 4891 4892 4896 4894
21100 4890 4897 4896 4894
21200 4896 4897 4896 4894
21300 4891 4897 4896 4894
21400 4891 4897 4896 4894
21500 4892 4898 4896 4894
21600 4896 4899 4896 4894
21700 4892 4899 4896 4894
21800 4893 4899 4896 4894
21900 4892 4897 4896 4894
22000 4892 4898 4896 4894
22100 4897 4899 4896 4894
22200 4892 4899 4896 4894
22300 4892 4898 4896 4894
22400 4891 4896 4896 4894
22500 4897 4898 4896 4894
22600 4896 4897 4896 4894
22700 4891 4896 4896 4894
22800 4892 4898 4896 4894
22900 4891 4898 4896 4894
23000 4891 4896 4896 4894
23100 4891 4897 4896 4894
23200 4891 4896 4895 4893
23300 4891 4893 4895 4893
23400 4891 4898 4895 4893
23500 4896 4898 4895 4893
23600 4890 4891 4895 4893
23700 4896 4897 4895 4893
23800 4891 4898 4895 4893
23900 4891 4897 4895 4893
24000 4890 4897 4895 4893
24100 4890 4897 4895 4893
24200 4891 4895 4895 4893
24300 4890 4891 4895 4893
24400 4890 4897 4894 4892
24500 4890 4895 4894 4892
24600 4890 4892 4894 4892
24700 4893 4896 4894 4892
24800 4889 4892 4894 4892
24900 4890 4896 4894 4892
25000 4889 4896 4894 4892
25100 4894 4896 4894 4892
25200 4890 4896 4894 4892
25300 4890 4896 4894 4892
25400 4889 4896 4894 4892
25500 4889 4896 4894 4892
25600 4889 4895 4894 4892
25700 4889 4895 4894 4892
25800 4889 4895 4893 4891
25900 4888 4895 4893 4891
26000 4894 4895 4893 4891
26100 4894 4895 4894 4892
26200 4891 4894 4894 4892
26300 4888 4889 4893 4891
26400 4888 4895 4893 4891
26500 4888 4895 4893 4891
26600 4888 4894 4893 4891
26700 4893 4895 4893 4891
26800 4889 4895 4893 4891
26900 4888 4895 4893 4891
27000 4890 4892 4893 4891
27100 4889 4893 4893 4891
27200 4894 4895 4893 4891
27300 4889 4893 4893 4891
27400 4889 4895 4893 4891
27500 4888 4895 4893 4891
27600 4888 4893 4893 4891
27700 4888 4895 4893 4891
27800 4889 4894 4892 4890
27900 4888 4895 4892 4890
28000 4888 4894 4892 4890
28100 4888 4895 4892 4890
28200 4887 4890 4892 4890
28300 4888 4894 4892 4890
28400 4887 4892 4892 4890
28500 4887 4888 4892 4890
28600 4887 4888 4891 4889
28700 4888 4893 4891 4889
28800 4886 4891 4891 4889
28900 4887 4892 4891 4889
29000 4887 4893 4891 4889
29100 4887 4892 4891 4889
29200 4887 4894 4891 4889
29300 4893 4894 4891 4889
29400 4888 4892 4891 4889
29500 4889 4894 4891 4889
29600 4888 4894 4891 4889
29700 4888 4892 4891 4889
29800 4893 4894 4891 4889
29900 4887 4894 4891 4889
30000 4888 4894 4891 4889
30100 4887 4894 4891 4889
30200 4887 4889 4891 4889
30300 4888 4894 4891 4889
30400 4887 4894 4891 4889
30500 4887 4893 4891 4889
30600 4887 4893 4891 4889
30700 4887 4893 4891 4889
30800 4888 4893 4891 4889
30900 4886 4893 4891 4889
31000 4887 4892 4891 4889
31100 4892 4893 4891 4889
31200 4886 4891 4891 4889
31300 4887 4893 4891 4889
31400 4887 4892 4891 4889
31500 4887 4894 4891 4889
31600 4888 4894 4891 4889
31700 4887 4892 4891 4889
31800 4887 4892 4891 4889
31900 4888 4894 4891 4889
32000 4887 4891 4891 4889
32100 4888 4894 4891 4889
32200 4887 4891 4891 4889
32300 4886 4892 4891 4889
32400 4886 4892 4890 4888
32500 4885 4892 4890 4888
32600 4886 4891 4890 4888
32700 4886 4892 4890 4888
32800 4885 4892 4890 4888
32900 4886 4890 4890 4888
33000 4886 4892 4890 4888
33100 4885 4891 4890 4888
33200 4889 4890 4890 4888
33300 4885 4890 4890 4888
33400 4885 4892 4890 4888
33500 4886 4890 4890 4888
33600 4884 4891 4889 4887
33700 4885 4891 4889 4887
33800 4884 4889 4889 4887
33900 4884 4891 4889 4887
34000 4890 4891 4889 4887
34100 4885 4891 4889 4887
34200 4885 4889 4889 4887
34300 4884 4891 4889 4887
34400 4884 4890 4889 4887
34500 4884 4891 4889 4887
34600 4884 4891 4889 4887
34700 4884 4891 4889 4887
34800 4885 4886 4888 4886
34900 4884 4891 4888 4886
35000 4884 4891 4888 4886
35100 4884 4890 4888 4886
35200 4886 4890 4888 4886
35300 4884 4890 4888 4886
35400 4886 4890 4888 4886
35500 4883 4890 4888 4886
35600 4883 4887 4888 4886
35700 4883 4888 4888 4886
35800 4883 4889 4888 4886
35900 4883 4889 4888 4886
36000 4883 4888 4887 4885
36100 4884 4890 4887 4885
36200 4885 4890 4888 4886
36300 4884 4890 4888 4886
36400 4884 4888 4887 4885
36500 4884 4885 4887 4885
36600 4885 4891 4887 4885
36700 4885 4891 4887 4885
36800 4884 4885 4887 4885
36900 4885 4891 4887 4885
37000 4888 4890 4888 4886
37100 4884 4891 4888 4886
37200 4884 4891 4888 4886
37300 4883 4890 4888 4886
37400 4883 4889 4887 4885
37500 4883 4889 4887 4885
37600 4888 4889 4888 4886
37700 4883 4890 4887 4885
37800 4883 4889 4887 4885
37900 4882 4889 4887 4885
38000 4883 4889 4887 4885
38100 4884 4889 4887 4885
38200 4884 4889 4887 4885
38300 4883 4890 4887 4885
38400 4883 4890 4887 4885
38500 4883 4889 4887 4885
38600 4883 4890 4887 4885
38700 4884 4890 4887 4885
38800 4884 4890 4887 4885
38900 4884 4891 4887 4885
39000 4884 4890 4887 4885
39100 4884 4890 4887 4885
39200 4883 4889 4887 4885
39300 4883 4890 4887 4885
39400 4884 4891 4887 4885
39500 4884 4891 4887 4885
39600 4886 4890 4887 4885
39700 4883 4889 4887 4885
39800 4883 4890 4887 4885
39900 4884 4890 4887 4885
40000 4883 4890 4887 4885
40100 4886 4890 4887 4885
40200 4884 4889 4887 4885
40300 4884 4890 4887 4885
40400 4884 4891 4887 4885
40500 4884 4885 4887 4885
40600 4883 4890 4887 4885
40700 4888 4890 4887 4885
40800 4883 4890 4887 4885
40900 4884 4890 4887 4885
41000 4884 4885 4887 4885
41100 4889 4890 4887 4885
41200 4884 4891 4887 4885
41300 4884 4891 4888 4886
41400 4884 4886 4887 4885
41500 4885 4891 4887 4885
41600 4884 4891 4887 4885
41700 4884 4891 4888 4886
41800 4885 4888 4887 4885
41900 4885 4890 4888 4886
42000 4886 4892 4888 4886
42100 4886 4893 4888 4886
42200 4887 4894 4888 4886
42300 4887 4893 4888 4886
42400 4886 4891 4888 4886
42500 4886 4893 4888 4886
42600 4891 4892 4889 4887
42700 4886 4893 4889 4887
42800 4886 4892 4889 4887
42900 4885 4892 4889 4887
43000 4885 4890 4889 4887
43100 4888 4892 4889 4887
43200 4886 4891 4889 4887
43300 4892 4894 4889 4887
43400 4887 4893 4889 4887
43500 4887 4891 4889 4887
43600 4886 4891 4889 4887
43700 4885 4890 4889 4887
43800 4886 4893 4889 4887
43900 4886 4887 4889 4887
44000 4887 4888 4889 4887
44100 4886 4893 4889 4887
44200 4886 4893 4889 4887
44300 4887 4894 4889 4887
44400 4887 4892 4889 4887
44500 4886 4893 4889 4887
44600 4886 4893 4889 4887
44700 4891 4893 4890 4888
44800 4887 4894 4890 4888
44900 4887 4894 4890 4888
45000 4887 4888 4890 4888
45100 4887 4894 4890 4888
45200 4888 4894 4890 4888
45300 4888 4895 4890 4888
45400 4889 4894 4890 4888
45500 4888 4895 4890 4888
45600 4889 4895 4891 4889
45700 4889 4895 4891 4889
45800 4890 4896 4891 4889
45900 4891 4897 4891 4889
46000 4890 4897 4891 4889
46100 4891 4898 4892 4890
46200 4890 4897 4892 4890
46300 4890 4897 4892 4890
46400 4895 4897 4892 4890
46500 4890 4897 4893 4891
46600 4895 4897 4893 4891
46700 4889 4896 4893 4891
46800 4890 4897 4893 4891
46900 4890 4894 4893 4891
47000 4890 4896 4893 4891
47100 4889 4896 4893 4891
47200 4895 4896 4893 4891
47300 4890 4896 4893 4891
47400 4891 4896 4893 4891
47500 4890 4896 4893 4891
47600 4890 4896 4893 4891
47700 4891 4897 4893 4891
47800 4890 4897 4893 4891
47900 4890 4897 4894 4892
48000 4890 4895 4893 4891
48100 4890 4897 4894 4892
48200 4890 4897 4894 4892
48300 4895 4897 4894 4892
48400 4889 4896 4894 4892
48500 4894 4896 4894 4892
48600 4889 4896 4894 4892
48700 4889 4896 4894 4892
48800 4890 4896 4894 4892
48900 4890 4897 4894 4892
49000 4890 4896 4894 4892
49100 4890 4897 4894 4892
49200 4890 4897 4894 4892
49300 4892 4897 4894 4892
49400 4891 4898 4894 4892
49500 4891 4897 4894 4892
49600 4890 4895 4894 4892
49700 4896 4897 4894 4892
49800 4890 4895 4894 4892
49900 4890 4896 4894 4892
50000 4893 4894 4894 4892
50100 4892 4896 4894 4892
50200 4894 4896 4894 4892
50300 4890 4897 4894 4892
50400 4890 4897 4894 4892
50500 4891 4897 4894 4892
50600 4895 4896 4894 4892
50700 4891 4897 4894 4892
50800 4891 4897 4894 4892
50900 4891 4897 4894 4892
51000 4890 4896 4894 4892
51100 4891 4895 4894 4892
51200 4895 4897 4894 4892
51300 4891 4895 4894 4892
51400 4891 4897 4894 4892
51500 4891 4898 4894 4892
51600 4891 4896 4894 4892
51700 4896 4897 4895 4893
51800 4891 4898 4895 4893
51900 4892 4898 4895 4893
52000 4892 4898 4895 4893
52100 4891 4897 4895 4893
52200 4891 4896 4895 4893
52300 4892 4899 4895 4893
52400 4892 4898 4895 4893
52500 4891 4898 4895 4893
52600 4891 4897 4895 4893
52700 4891 4895 4895 4893
52800 4891 4892 4894 4892
52900 4891 4895 4894 4892
53000 4891 4898 4894 4892
53100 4892 4898 4895 4893
53200 4897 4899 4895 4893
53300 4892 4899 4895 4893
53400 4892 4899 4895 4893
53500 4892 4897 4895 4893
53600 4892 4893 4895 4893
53700 4892 4899 4895 4893
53800 4893 4899 4895 4893
53900 4892 4896 4895 4893
54000 4891 4894 4895 4893
54100 4892 4899 4895 4893
54200 4891 4898 4895 4893
54300 4892 4898 4895 4893
54400 4892 4899 4895 4893
54500 4892 4897 4895 4893
54600 4892 4899 4895 4893
54700 4893 4899 4895 4893
54800 4893 4899 4895 4893
54900 4898 4899 4896 4894
55000 4893 4899 4896 4894
55100 4894 4900 4896 4894
55200 4895 4900 4896 4894
55300 4894 4899 4896 4894
55400 4895 4901 4896 4894
55500 4894 4901 4896 4894
55600 4894 4899 4896 4894
55700 4893 4898 4896 4894
55800 4894 4900 4897 4895
55900 4894 4897 4896 4894
56000 4895 4900 4897 4895
56100 4894 4899 4897 4895
56200 4897 4900 4897 4895
56300 4894 4901 4897 4895
56400 4894 4900 4897 4895
56500 4894 4899 4897 4895
56600 4894 4899 4897 4895
56700 4895 4901 4897 4895
56800 4894 4900 4897 4895
56900 4894 4900 4897 4895
57000 4894 4898 4897 4895
57100 4899 4900 4897 4895
57200 4894 4895 4897 4895
57300 4894 4900 4897 4895
57400 4893 4899 4897 4895
57500 4892 4899 4897 4895
57600 4892 4899 4897 4895
57700 4893 4899 4897 4895
57800 4892 4897 4897 4895
57900 4893 4899 4897 4895
58000 4892 4899 4897 4895
58100 4894 4900 4897 4895
58200 4893 4899 4897 4895
58300 4893 4900 4897 4895
58400 4893 4900 4897 4895
58500 4894 4900 4897 4895
58600 4893 4899 4897 4895
58700 4893 4899 4897 4895
58800 4893 4900 4897 4895
58900 4899 4900 4897 4895
59000 4894 4901 4897 4895
59100 4894 4900 4897 4895
59200 4893 4900 4897 4895
59300 4894 4900 4897 4895
59400 4894 4901 4897 4895
59500 4894 4900 4897 4895
59600 4894 4901 4897 4895
59700 4899 4901 4898 4896
59800 4894 4900 4898 4896
59900 4894 4900 4898 4896
60000 4898 4900 4898 4896
60100 4893 4900 4898 4896
60200 4894 4900 4898 4896
60300 4894 4900 4898 4896
60400 4893 4900 4898 4896
60500 4893 4900 4898 4896
60600 4893 4900 4897 4895
60700 4894 4900 4897 4895
60800 4899 4900 4898 4896
60900 4899 4901 4898 4896
61000 4894 4900 4898 4896
61100 4894 4895 4898 4896
61200 4894 4901 4898 4896
61300 4893 4900 4898 4896
61400 4893 4900 4898 4896
61500 4898 4900 4898 4896
61600 4893 4899 4898 4896
61700 4893 4899 4898 4896
61800 4893 4899 4897 4895
61900 4892 4897 4897 4895
62000 4892 4899 4897 4895
62100 4892 4897 4897 4895
62200 4893 4898 4897 4895
62300 4892 4899 4897 4895
62400 4892 4899 4897 4895
62500 4892 4899 4897 4895
62600 4897 4899 4897 4895
62700 4894 4900 4897 4895
62800 4893 4899 4897 4895
62900 4894 4900 4897 4895
63000 4893 4900 4897 4895
63100 4893 4900 4897 4895
63200 4893 4900 4897 4895
63300 4899 4900 4897 4895
63400 4894 4900 4897 4895
63500 4893 4896 4897 4895
63600 4899 4900 4897 4895
63700 4894 4899 4897 4895
63800 4894 4901 4897 4895
63900 4894 4897 4897 4895
64000 4894 4895 4897 4895
64100 4894 4899 4897 4895
64200 4895 4901 4897 4895
64300 4896 4901 4897 4895
64400 4894 4901 4897 4895
64500 4895 4901 4897 4895
64600 4895 4901 4898 4896
64700 4895 4902 4898 4896
64800 4895 4902 4898 4896
64900 4895 4900 4898 4896
65000 4895 4900 4898 4896
65100 4896 4902 4898 4896
65200 4895 4900 4898 4896
65300 4894 4899 4898 4896
65400 4900 4901 4898 4896
65500 4894 4901 4898 4896
65600 4895 4901 4898 4896
65700 4894 4901 4898 4896
65800 4894 4901 4898 4896
65900 4895 4901 4898 4896
66000 4897 4901 4898 4896
66100 4899 4900 4898 4896
66200 4894 4900 4898 4896
66300 4898 4900 4898 4896
66400 4893 4899 4898 4896
66500 4897 4898 4898 4896
66600 4896 4898 4898 4896
66700 4896 4898 4898 4896
66800 4891 4898 4898 4896
66900 4891 4898 4898 4896
67000 4892 4898 4897 4895
67100 4891 4898 4897 4895
67200 4891 4898 4897 4895
67300 4890 4891 4897 4895
67400 4891 4897 4896 4894
67500 4891 4898 4896 4894
67600 4891 4897 4896 4894
67700 4891 4898 4896 4894
67800 4892 4898 4896 4894
67900 4892 4899 4896 4894
68000 4892 4897 4896 4894
68100 4892 4897 4896 4894
68200 4892 4893 4896 4894
68300 4891 4892 4895 4893
68400 4892 4898 4895 4893
68500 4897 4899 4896 4894
68600 4892 4899 4896 4894
68700 4894 4899 4896 4894
68800 4893 4898 4896 4894
68900 4897 4899 4896 4894
69000 4893 4900 4896 4894
69100 4893 4900 4896 4894
69200 4893 4898 4896 4894
69300 4893 4896 4896 4894
69400 4893 4900 4896 4894
69500 4893 4898 4896 4894
69600 4893 4900 4896 4894
69700 4894 4901 4896 4894
69800 4894 4901 4896 4894
69900 4896 4901 4897 4895
70000 4895 4902 4897 4895
70100 4895 4902 4897 4895
70200 4896 4902 4897 4895
70300 4896 4902 4897 4895
70400 4895 4902 4898 4896
70500 4898 4902 4898 4896
70600 4894 4901 4898 4896
70700 4894 4901 4898 4896
70800 4895 4899 4898 4896
70900 4894 4895 4898 4896
71000 4895 4901 4898 4896
71100 4896 4902 4898 4896
71200 4896 4902 4898 4896
71300 4896 4902 4898 4896
71400 4895 4902 4898 4896
71500 4895 4902 4898 4896
71600 4896 4902 4898 4896
71700 4895 4901 4898 4896
71800 4894 4901 4898 4896
71900 4894 4895 4898 4896
72000 4896 4900 4898 4896
72100 4893 4900 4898 4896
72200 4892 4899 4898 4896
72300 4893 4899 4898 4896
72400 4893 4900 4898 4896
72500 4893 4899 4898 4896
72600 4896 4899 4898 4896
72700 4892 4899 4897 4895
72800 4893 4899 4897 4895
72900 4893 4897 4897 4895
73000 4893 4900 4897 4895
73100 4893 4895 4897 4895
73200 4893 4898 4897 4895
73300 4893 4900 4897 4895
73400 4893 4898 4897 4895
73500 4898 4899 4897 4895
73600 4893 4900 4897 4895
73700 4892 4899 4897 4895
73800 4893 4899 4897 4895
73900 4892 4899 4897 4895
74000 4892 4893 4897 4895
74100 4892 4898 4896 4894
74200 4892 4896 4896 4894
74300 4897 4898 4896 4894
74400 4891 4898 4896 4894
74500 4896 4897 4896 4894
74600 4891 4897 4896 4894
74700 4890 4893 4896 4894
74800 4890 4896 4896 4894
74900 4890 4896 4896 4894
75000 4890 4896 4895 4893
75100 4890 4895 4895 4893
75200 4890 4893 4895 4893
75300 4892 4898 4895 4893
75400 4892 4899 4895 4893
75500 4892 4898 4895 4893
75600 4892 4898 4895 4893
75700 4898 4899 4895 4893
75800 4892 4897 4895 4893
75900 4892 4893 4895 4893
76000 4893 4898 4895 4893
76100 4892 4899 4895 4893
76200 4893 4899 4895 4893
76300 4893 4899 4896 4894
76400 4892 4899 4896 4894
76500 4893 4900 4896 4894
76600 4893 4900 4896 4894
76700 4896 4900 4896 4894
76800 4893 4898 4896 4894
76900 4894 4900 4896 4894
77000 4893 4900 4896 4894
77100 4895 4900 4896 4894
77200 4894 4901 4896 4894
77300 4895 4901 4897 4895
77400 4894 4901 4897 4895
77500 4895 4901 4897 4895
77600 4895 4901 4897 4895
77700 4894 4901 4897 4895
77800 4895 4901 4897 4895
77900 4895 4899 4897 4895
78000 4894 4901 4897 4895
78100 4895 4901 4897 4895
78200 4899 4901 4898 4896
78300 4894 4900 4898 4896
78400 4894 4901 4898 4896
78500 4894 4900 4898 4896
78600 4894 4898 4898 4896
78700 4894 4900 4898 4896
78800 4899 4901 4898 4896
78900 4894 4900 4898 4896
79000 4894 4901 4898 4896
79100 4894 4901 4898 4896
79200 4895 4899 4898 4896
79300 4895 4901 4898 4896
79400 4895 4902 4898 4896
79500 4895 4896 4898 4896
79600 4895 4900 4898 4896
79700 4895 4896 4898 4896
79800 4894 4901 4898 4896
79900 4894 4898 4898 4896
80000 4894 4900 4898 4896
80100 4894 4900 4898 4896
80200 4894 4901 4898 4896
80300 4894 4900 4898 4896
80400 4894 4901 4898 4896
80500 4894 4901 4898 4896
80600 4894 4900 4898 4896
80700 4895 4900 4898 4896
80800 4894 4898 4898 4896
80900 4894 4899 4898 4896
81000 4894 4901 4898 4896
81100 4894 4900 4898 4896
81200 4894 4899 4898 4896
81300 4899 4900 4898 4896
81400 4894 4900 4898 4896
81500 4895 4901 4898 4896
81600 4894 4901 4898 4896
81700 4895 4901 4898 4896
81800 4896 4902 4898 4896
81900 4895 4902 4898 4896
82000 4894 4899 4898 4896
82100 4894 4900 4898 4896
82200 4893 4900 4898 4896
82300 4894 4900 4898 4896
82400 4893 4900 4898 4896
82500 4896 4899 4898 4896
82600 4893 4899 4898 4896
82700 4892 4897 4897 4895
82800 4897 4899 4898 4896
82900 4893 4899 4897 4895
83000 4894 4896 4897 4895
83100 4893 4900 4897 4895
83200 4893 4900 4897 4895
83300 4894 4898 4897 4895
83400 4893 4900 4897 4895
83500 4898 4899 4897 4895
83600 4893 4899 4897 4895
83700 4893 4897 4897 4895
83800 4893 4900 4897 4895
83900 4894 4899 4897 4895
84000 4892 4899 4897 4895
84100 4891 4897 4897 4895
84200 4895 4897 4897 4895
84300 4890 4891 4896 4894
84400 4890 4896 4896 4894
84500 4891 4897 4896 4894
84600 4894 4898 4896 4894
84700 4891 4896 4896 4894
84800 4891 4898 4896 4894
84900 4890 4895 4896 4894
85000 4891 4897 4895 4893
85100 4891 4896 4895 4893
85200 4891 4898 4895 4893
85300 4891 4897 4895 4893
85400 4891 4897 4895 4893
85500 4890 4891 4895 4893
85600 4890 4895 4895 4893
85700 4890 4897 4895 4893
85800 4891 4897 4895 4893
85900 4891 4897 4895 4893
86000 4889 4890 4894 4892
86100 4890 4896 4894 4892
86200 4895 4897 4894 4892
86300 4891 4897 4894 4892
86400 4891 4897 4894 4892
86500 4891 4898 4894 4892
86600 4890 4891 4894 4892
86700 4891 4898 4894 4892
86800 4890 4895 4894 4892
86900 4895 4897 4894 4892
87000 4891 4897 4894 4892
87100 4890 4897 4894 4892
87200 4890 4897 4894 4892
87300 4890 4896 4894 4892
87400 4890 4896 4894 4892
87500 4893 4897 4894 4892
87600 4895 4897 4894 4892
87700 4890 4891 4894 4892
87800 4890 4897 4894 4892
87900 4895 4897 4894 4892
88000 4890 4896 4894 4892
88100 4890 4896 4894 4892
88200 4891 4893 4894 4892
88300 4891 4897 4894 4892
88400 4896 4897 4894 4892
88500 4890 4897 4894 4892
88600 4891 4897 4894 4892
88700 4890 4896 4894 4892
88800 4889 4896 4894 4892
88900 4889 4893 4894 4892
89000 4890 4895 4894 4892
89100 4888 4889 4893 4891
89200 4888 4895 4893 4891
89300 4888 4895 4893 4891
89400 4888 4894 4893 4891
89500 4888 4894 4893 4891
89600 4887 4888 4893 4891
89700 4887 4894 4892 4890
89800 4892 4894 4893 4891
89900 4887 4893 4892 4890
90000 4886 4891 4892 4890
90100 4886 4893 4892 4890
90200 4887 4893 4892 4890
90300 4886 4893 4892 4890
90400 4886 4893 4892 4890
90500 4889 4892 4892 4890
90600 4887 4893 4891 4889
90700 4887 4894 4891 4889
90800 4886 4891 4891 4889
90900 4887 4893 4891 4889
91000 4887 4893 4891 4889
91100 4887 4894 4891 4889
91200 4887 4894 4891 4889
91300 4887 4894 4891 4889
91400 4887 4892 4891 4889
91500 4887 4894 4891 4889
91600 4888 4889 4891 4889
91700 4888 4895 4891 4889
91800 4888 4889 4891 4889
91900 4888 4894 4891 4889
92000 4891 4893 4891 4889
92100 4889 4895 4891 4889
92200 4890 4896 4891 4889
92300 4891 4895 4891 4889
92400 4888 4893 4891 4889
92500 4888 4893 4891 4889
92600 4888 4889 4891 4889
92700 4888 4895 4891 4889
92800 4889 4895 4891 4889
92900 4889 4895 4891 4889
93000 4888 4895 4891 4889
93100 4890 4895 4892 4890
93200 4889 4895 4892 4890
93300 4888 4893 4892 4890
93400 4889 4896 4892 4890
93500 4889 4895 4892 4890
93600 4889 4894 4892 4890
93700 4889 4895 4892 4890
93800 4889 4895 4892 4890
93900 4889 4895 4892 4890
94000 4889 4894 4892 4890
94100 4889 4896 4892 4890
94200 4888 4893 4892 4890
94300 4889 4895 4892 4890
94400 4889 4895 4892 4890
94500 4888 4895 4892 4890
94600 4887 4894 4892 4890
94700 4892 4894 4892 4890
94800 4887 4894 4892 4890
94900 4887 4894 4892 4890
95000 4888 4895 4892 4890
95100 4893 4894 4892 4890
95200 4888 4894 4892 4890
95300 4893 4895 4892 4890
95400 4888 4895 4892 4890
95500 4889 4896 4892 4890
95600 4890 4897 4892 4890
95700 4891 4895 4893 4891
95800 4890 4897 4893 4891
95900 4896 4897 4893 4891
96000 4896 4897 4893 4891
96100 4891 4896 4893 4891
96200 4891 4896 4893 4891
96300 4891 4898 4894 4892
96400 4891 4898 4894 4892
96500 4891 4898 4894 4892
96600 4891 4897 4894 4892
96700 4891 4898 4894 4892
96800 4891 4898 4894 4892
96900 4892 4898 4894 4892
97000 4892 4896 4894 4892
97100 4892 4899 4894 4892
97200 4897 4899 4895 4893
97300 4897 4899 4895 4893
97400 4897 4899 4895 4893
97500 4892 4899 4895 4893
97600 4893 4899 4895 4893
97700 4892 4899 4895 4893
97800 4892 4899 4895 4893
97900 4893 4899 4896 4894
98000 4892 4899 4896 4894
98100 4893 4899 4896 4894
98200 4891 4898 4896 4894
98300 4891 4898 4896 4894
98400 4891 4898 4896 4894
98500 4893 4895 4895 4893
98600 4891 4897 4895 4893
98700 4890 4897 4895 4893
98800 4894 4896 4895 4893
98900 4890 4897 4895 4893
99000 4890 4893 4895 4893
99100 4890 4897 4895 4893
99200 4890 4897 4895 4893
99300 4895 4896 4895 4893
99400 4889 4894 4895 4893
99500 4889 4896 4895 4893
99600 4889 4892 4894 4892
99700 4892 4896 4894 4892
99800 4890 4895 4894 4892
99900 4891 4896 4894 4892


Submission logs: