0 4949.0
1 4947.5
2 4948.0
3 4948.5
4 4949.0
5 4948.5
6 4948.0
7 4949.0
8 4947.5
9 4947.0
10 4947.0
11 4947.0
12 4948.0
13 4945.0
14 4948.0
15 4950.5
16 4948.0
17 4946.5
18 4949.0
19 4948.5
20 4947.5
21 4948.5
22 4948.5
23 4949.0
24 4952.0
25 4947.5
26 4949.5
27 4950.0
28 4952.5
29 4949.5
30 4949.5
31 4950.0
32 4949.0
33 4949.5
34 4949.5
35 4948.5
36 4950.5
37 4949.5
38 4950.0
39 4951.0
40 4950.0
41 4949.5
42 4946.5
43 4949.0
44 4949.5
45 4949.5
46 4949.5
47 4946.5
48 4951.5
49 4949.0
50 4950.0
51 4947.5
52 4950.0
53 4950.5
54 4949.5
55 4950.5
56 4950.0
57 4952.0
58 4953.5
59 4950.5
60 4950.0
61 4949.5
62 4947.5
63 4947.5
64 4950.5
65 4950.5
66 4951.5
67 4951.0
68 4951.0
69 4953.0
70 4951.0
71 4950.5
72 4950.5
73 4949.5
74 4950.0
75 4950.0
76 4949.5
77 4951.5
78 4951.5
79 4948.0
80 4948.5
81 4948.5
82 4949.5
83 4949.0
84 4948.0
85 4949.0
86 4947.5
87 4945.5
88 4946.0
89 4948.5
90 4947.5
91 4947.5
92 4947.5
93 4948.5
94 4949.0
95 4949.0
96 4945.5
97 4949.0
98 4947.5
99 4948.5
100 4949.0
101 4948.5
102 4949.0
103 4946.5
104 4949.5
105 4949.0
106 4947.5
107 4949.0
108 4950.0
109 4950.0
110 4949.0
111 4948.5
112 4949.0
113 4951.0
114 4948.5
115 4948.0
116 4947.5
117 4947.5
118 4947.5
119 4947.5
120 4946.5
121 4945.5
122 4947.0
123 4946.5
124 4946.0
125 4946.0
126 4946.5
127 4946.5
128 4945.5
129 4947.0
130 4946.5
131 4947.0
132 4946.5
133 4949.5
134 4947.0
135 4948.0
136 4947.0
137 4948.0
138 4946.5
139 4944.5
140 4948.5
141 4945.5
142 4945.5
143 4946.0
144 4946.0
145 4946.0
146 4944.5
147 4946.0
148 4946.0
149 4945.0
150 4942.5
151 4948.5
152 4948.0
153 4946.0
154 4944.5
155 4948.5
156 4946.5
157 4947.0
158 4947.5
159 4948.0
160 4947.5
161 4948.0
162 4944.5
163 4946.5
164 4948.0
165 4948.0
166 4948.0
167 4944.5
168 4946.5
169 4947.5
170 4947.5
171 4948.0
172 4948.5
173 4946.0
174 4949.0
175 4952.0
176 4948.5
177 4948.0
178 4947.5
179 4948.0
180 4948.0
181 4948.5
182 4951.0
183 4947.5
184 4948.0
185 4948.5
186 4947.5
187 4948.0
188 4948.5
189 4948.5
190 4947.5
191 4948.0
192 4947.5
193 4948.5
194 4948.5
195 4949.0
196 4949.0
197 4948.5
198 4949.5
199 4949.0
200 4948.5
201 4949.5
202 4949.5
203 4949.0
204 4949.5
205 4949.5
206 4950.0
207 4947.5
208 4953.5
209 4950.5
210 4948.5
211 4952.0
212 4950.5
213 4947.5
214 4951.5
215 4953.0
216 4953.0
217 4950.0
218 4951.5
219 4951.0
220 4947.5
221 4951.0
222 4950.5
223 4951.5
224 4951.5
225 4951.5
226 4950.5
227 4951.5
228 4951.0
229 4951.0
230 4952.0
231 4950.5
232 4950.5
233 4950.5
234 4951.5
235 4952.0
236 4952.5
237 4950.5
238 4951.0
239 4953.5
240 4949.0
241 4949.5
242 4951.5
243 4948.0
244 4947.5
245 4949.5
246 4948.0
247 4948.0
248 4948.0
249 4948.0
250 4946.5
251 4948.0
252 4947.5
253 4946.0
254 4948.0
255 4948.5
256 4950.5
257 4948.0
258 4948.0
259 4947.5
260 4947.0
261 4947.5
262 4948.5
263 4948.5
264 4948.5
265 4947.0
266 4949.0
267 4948.5
268 4948.5
269 4947.5
270 4947.5
271 4947.5
272 4951.0
273 4949.0
274 4949.0
275 4946.0
276 4948.5
277 4949.0
278 4950.0
279 4950.0
280 4948.5
281 4948.5
282 4949.0
283 4948.5
284 4949.0
285 4953.0
286 4951.5
287 4951.5
288 4952.0
289 4952.5
290 4952.5
291 4953.5
292 4952.5
293 4953.0
294 4955.0
295 4952.5
296 4952.5
297 4953.0
298 4953.0
299 4953.0
300 4952.5
301 4952.5
302 4950.5
303 4951.0
304 4951.5
305 4951.0
306 4951.5
307 4954.0
308 4951.5
309 4952.5
310 4953.0
311 4953.0
312 4953.0
313 4953.5
314 4954.0
315 4954.5
316 4955.0
317 4953.5
318 4953.5
319 4954.5
320 4954.0
321 4954.0
322 4953.5
323 4952.5
324 4950.5
325 4956.0
326 4953.5
327 4953.0
328 4952.5
329 4952.0
330 4952.5
331 4951.5
332 4950.5
333 4951.5
334 4952.5
335 4953.0
336 4949.5
337 4952.5
338 4951.5
339 4951.5
340 4954.0
341 4948.5
342 4952.5
343 4952.0
344 4952.0
345 4950.5
346 4951.5
347 4951.5
348 4949.5
349 4952.0
350 4951.0
351 4952.5
352 4949.5
353 4954.0
354 4953.5
355 4950.5
356 4953.0
357 4952.5
358 4953.0
359 4950.5
360 4953.5
361 4953.5
362 4952.5
363 4954.5
364 4952.5
365 4953.0
366 4954.0
367 4955.0
368 4951.5
369 4952.5
370 4955.0
371 4956.0
372 4954.0
373 4952.5
374 4953.0
375 4956.0
376 4953.5
377 4956.0
378 4953.5
379 4951.0
380 4952.0
381 4949.5
382 4953.0
383 4952.0
384 4948.5
385 4954.5
386 4951.5
387 4952.0
388 4952.5
389 4952.5
390 4953.5
391 4951.5
392 4955.5
393 4953.0
394 4953.0
395 4953.5
396 4952.5
397 4952.5
398 4951.5
399 4953.0
400 4954.0
401 4952.5
402 4951.5
403 4952.0
404 4950.5
405 4949.5
406 4951.0
407 4951.5
408 4951.5
409 4951.5
410 4950.0
411 4950.5
412 4950.5
413 4948.5
414 4948.5
415 4951.0
416 4951.0
417 4950.5
418 4949.5
419 4952.0
420 4951.5
421 4951.5
422 4950.5
423 4954.0
424 4951.0
425 4951.0
426 4949.5
427 4950.5
428 4950.5
429 4949.5
430 4949.5
431 4948.5
432 4949.5
433 4949.5
434 4948.5
435 4948.5
436 4947.5
437 4949.0
438 4948.5
439 4948.5
440 4946.5
441 4948.0
442 4948.0
443 4948.5
444 4948.5
445 4948.5
446 4948.5
447 4947.0
448 4947.0
449 4947.5
450 4948.0
451 4948.0
452 4948.5
453 4945.5
454 4949.0
455 4949.0
456 4951.5
457 4948.5
458 4949.0
459 4948.0
460 4949.0
461 4945.5
462 4945.5
463 4950.5
464 4947.5
465 4944.5
466 4948.0
467 4947.5
468 4948.0
469 4950.5
470 4946.5
471 4948.0
472 4950.5
473 4947.5
474 4947.5
475 4947.0
476 4946.5
477 4946.0
478 4945.5
479 4946.5
480 4946.0
481 4945.5
482 4945.5
483 4948.5
484 4948.0
485 4945.5
486 4944.5
487 4944.5
488 4946.0
489 4945.0
490 4944.5
491 4945.0
492 4943.0
493 4945.5
494 4946.0
495 4943.5
496 4943.5
497 4943.5
498 4944.5
499 4943.5
500 4945.0
501 4944.0
502 4945.0
503 4944.0
504 4945.0
505 4945.0
506 4947.5
507 4942.0
508 4943.5
509 4944.5
510 4945.0
511 4944.5
512 4944.0
513 4944.0
514 4944.5
515 4944.5
516 4944.0
517 4943.5
518 4945.0
519 4943.5
520 4944.0
521 4943.5
522 4943.5
523 4942.5
524 4944.0
525 4944.0
526 4944.0
527 4944.5
528 4944.5
529 4944.0
530 4944.5
531 4946.0
532 4946.5
533 4946.5
534 4942.5
535 4945.5
536 4946.0
537 4945.5
538 4946.0
539 4950.0
540 4948.0
541 4947.5
542 4946.5
543 4948.0
544 4947.5
545 4944.5
546 4947.5
547 4947.0
548 4946.5
549 4946.0
550 4946.0
551 4946.5
552 4946.5
553 4946.0
554 4947.0
555 4948.0
556 4946.0
557 4945.5
558 4946.5
559 4946.5
560 4946.5
561 4946.5
562 4946.5
563 4945.5
564 4947.0
565 4946.5
566 4946.0
567 4946.5
568 4946.5
569 4947.0
570 4946.0
571 4946.0
572 4944.5
573 4946.5
574 4946.0
575 4946.5
576 4947.5
577 4947.0
578 4948.0
579 4947.0
580 4948.0
581 4946.5
582 4947.0
583 4947.5
584 4947.5
585 4948.0
586 4948.0
587 4948.0
588 4948.0
589 4947.5
590 4948.0
591 4944.5
592 4950.0
593 4947.0
594 4946.5
595 4947.5
596 4947.5
597 4948.0
598 4947.5
599 4948.5
600 4949.0
601 4948.5
602 4949.0
603 4948.5
604 4949.0
605 4949.0
606 4947.5
607 4948.5
608 4948.5
609 4948.0
610 4947.5
611 4944.5
612 4947.5
613 4947.0
614 4947.5
615 4948.5
616 4948.5
617 4950.5
618 4947.5
619 4948.0
620 4947.0
621 4947.0
622 4947.0
623 4947.5
624 4947.5
625 4947.0
626 4946.5
627 4946.5
628 4946.5
629 4946.5
630 4946.5
631 4945.5
632 4946.5
633 4946.5
634 4945.5
635 4945.5
636 4945.5
637 4946.5
638 4946.0
639 4944.5
640 4945.0
641 4944.5
642 4943.5
643 4944.5
644 4943.5
645 4944.5
646 4944.5
647 4943.5
648 4943.0
649 4940.5
650 4943.5
651 4944.5
652 4943.5
653 4945.5
654 4943.5
655 4943.0
656 4944.0
657 4943.5
658 4943.5
659 4943.0
660 4944.0
661 4943.5
662 4943.5
663 4943.5
664 4942.5
665 4940.5
666 4943.0
667 4944.0
668 4942.0
669 4941.5
670 4938.5
671 4940.5
672 4940.0
673 4939.5
674 4940.0
675 4940.5
676 4940.5
677 4941.0
678 4941.0
679 4940.0
680 4941.5
681 4940.5
682 4939.5
683 4940.5
684 4941.0
685 4941.5
686 4940.5
687 4941.5
688 4941.5
689 4942.5
690 4941.5
691 4941.5
692 4940.5
693 4942.0
694 4942.0
695 4942.0
696 4940.5
697 4941.0
698 4941.0
699 4940.5
700 4941.0
701 4939.5
702 4940.0
703 4939.0
704 4938.0
705 4939.5
706 4941.5
707 4937.5
708 4938.5
709 4937.5
710 4940.5
711 4934.5
712 4938.0
713 4938.5
714 4937.5
715 4939.0
716 4939.5
717 4939.5
718 4940.0
719 4938.0
720 4939.5
721 4937.5
722 4939.5
723 4939.0
724 4938.5
725 4939.0
726 4940.0
727 4939.5
728 4939.5
729 4940.0
730 4940.0
731 4939.5
732 4941.0
733 4942.5
734 4940.5
735 4941.5
736 4940.5
737 4943.5
738 4941.0
739 4941.5
740 4939.5
741 4941.5
742 4941.5
743 4941.0
744 4938.5
745 4943.0
746 4941.0
747 4941.0
748 4941.0
749 4939.5
750 4940.0
751 4940.0
752 4942.0
753 4936.5
754 4942.0
755 4940.0
756 4939.0
757 4939.0
758 4939.0
759 4937.5
760 4938.5
761 4939.5
762 4939.5
763 4939.5
764 4938.5
765 4938.0
766 4940.5
767 4938.5
768 4938.5
769 4938.5
770 4938.0
771 4938.5
772 4938.0
773 4938.0
774 4938.0
775 4938.0
776 4938.0
777 4938.0
778 4937.5
779 4938.5
780 4939.0
781 4939.0
782 4939.0
783 4939.0
784 4938.5
785 4937.5
786 4938.0
787 4937.5
788 4940.5
789 4938.0
790 4938.0
791 4934.5
792 4934.5
793 4937.5
794 4937.5
795 4937.0
796 4937.5
797 4936.0
798 4940.0
799 4938.0
800 4937.0
801 4936.5
802 4938.0
803 4938.0
804 4939.5
805 4937.0
806 4936.5
807 4937.0
808 4937.0
809 4938.0
810 4937.5
811 4938.0
812 4938.0
813 4938.5
814 4938.5
815 4938.5
816 4938.5
817 4939.0
818 4942.0
819 4938.5
820 4938.5
821 4938.5
822 4939.0
823 4940.0
824 4940.0
825 4942.0
826 4938.5
827 4935.5
828 4940.0
829 4936.5
830 4938.0
831 4937.5
832 4937.0
833 4936.5
834 4937.5
835 4936.5
836 4937.5
837 4937.5
838 4937.5
839 4936.5
840 4937.5
841 4939.5
842 4934.5
843 4937.0
844 4936.5
845 4936.5
846 4937.5
847 4938.5
848 4940.5
849 4937.0
850 4937.5
851 4936.5
852 4935.5
853 4935.5
854 4939.5
855 4937.0
856 4936.5
857 4934.0
858 4936.5
859 4936.0
860 4935.5
861 4935.5
862 4937.0
863 4936.5
864 4936.5
865 4936.0
866 4935.5
867 4935.5
868 4935.0
869 4937.5
870 4934.5
871 4938.0
872 4935.5
873 4938.5
874 4936.0
875 4938.0
876 4936.0
877 4933.5
878 4935.0
879 4938.0
880 4935.0
881 4935.0
882 4935.5
883 4936.0
884 4935.0
885 4935.5
886 4938.0
887 4935.5
888 4935.5
889 4936.0
890 4936.5
891 4939.0
892 4939.0
893 4936.5
894 4936.5
895 4939.0
896 4937.0
897 4935.5
898 4937.5
899 4937.5
900 4937.5
901 4937.0
902 4937.0
903 4937.0
904 4933.5
905 4936.0
906 4936.5
907 4935.5
908 4937.0
909 4935.5
910 4936.5
911 4937.0
912 4938.5
913 4936.0
914 4932.5
915 4935.5
916 4936.5
917 4936.0
918 4933.5
919 4938.5
920 4936.5
921 4936.0
922 4936.5
923 4936.5
924 4938.5
925 4935.5
926 4935.5
927 4935.5
928 4935.5
929 4934.5
930 4935.0
931 4935.0
932 4935.5
933 4934.5
934 4935.5
935 4934.5
936 4936.0
937 4938.5
938 4936.0
939 4936.0
940 4939.0
941 4936.5
942 4936.0
943 4934.5
944 4935.5
945 4937.0
946 4934.5
947 4934.5
948 4934.0
949 4933.5
950 4936.5
951 4931.5
952 4934.0
953 4933.5
954 4934.0
955 4934.0
956 4931.5
957 4933.5
958 4933.5
959 4933.5
960 4933.5
961 4931.5
962 4934.5
963 4937.5
964 4934.5
965 4936.0
966 4936.0
967 4935.0
968 4934.5
969 4937.5
970 4935.0
971 4935.0
972 4934.5
973 4935.5
974 4935.0
975 4935.5
976 4935.0
977 4935.0
978 4935.5
979 4935.0
980 4935.0
981 4935.5
982 4935.0
983 4935.0
984 4936.0
985 4933.0
986 4936.0
987 4935.0
988 4937.0
989 4935.0
990 4934.5
991 4935.0
992 4934.5
993 4934.5
994 4938.0
995 4935.0
996 4936.0
997 4935.0
998 4935.5
999 4935.0
1000 4936.0
1001 4931.5
1002 4934.5
1003 4934.5
1004 4935.0
1005 4934.0
1006 4936.5
1007 4934.5
1008 4932.0
1009 4932.5
1010 4934.0
1011 4937.0
1012 4933.5
1013 4933.5
1014 4933.5
1015 4934.0
1016 4933.5
1017 4931.5
1018 4934.5
1019 4935.0
1020 4935.0
1021 4934.0
1022 4935.0
1023 4937.0
1024 4936.0
1025 4936.0
1026 4936.0
1027 4936.0
1028 4934.5
1029 4936.0
1030 4938.0
1031 4936.5
1032 4935.5
1033 4935.0
1034 4935.0
1035 4934.5
1036 4933.5
1037 4933.5
1038 4934.0
1039 4935.0
1040 4934.5
1041 4934.0
1042 4933.5
1043 4933.5
1044 4931.5
1045 4930.5
1046 4932.5
1047 4932.5
1048 4932.0
1049 4932.0
1050 4931.5
1051 4931.5
1052 4931.5
1053 4932.0
1054 4933.5
1055 4930.0
1056 4932.5
1057 4930.5
1058 4931.5
1059 4931.5
1060 4934.0
1061 4931.0
1062 4932.5
1063 4928.5
1064 4932.0
1065 4932.0
1066 4930.5
1067 4931.5
1068 4932.0
1069 4933.0
1070 4933.0
1071 4932.5
1072 4933.0
1073 4934.0
1074 4931.5
1075 4931.5
1076 4930.5
1077 4931.5
1078 4931.5
1079 4931.5
1080 4932.0
1081 4931.5
1082 4931.5
1083 4932.0
1084 4932.0
1085 4931.5
1086 4928.5
1087 4932.0
1088 4934.5
1089 4930.5
1090 4932.0
1091 4931.5
1092 4934.5
1093 4932.5
1094 4931.0
1095 4935.0
1096 4933.0
1097 4932.5
1098 4932.0
1099 4931.5
1100 4931.5
1101 4934.5
1102 4928.5
1103 4931.5
1104 4932.5
1105 4932.5
1106 4932.0
1107 4931.5
1108 4933.5
1109 4930.5
1110 4932.5
1111 4929.0
1112 4933.5
1113 4928.5
1114 4931.5
1115 4931.5
1116 4930.5
1117 4931.5
1118 4933.0
1119 4933.0
1120 4933.0
1121 4932.5
1122 4932.5
1123 4932.5
1124 4932.0
1125 4929.5
1126 4931.5
1127 4929.5
1128 4930.5
1129 4931.0
1130 4931.5
1131 4930.5
1132 4931.5
1133 4930.5
1134 4931.5
1135 4934.5
1136 4930.5
1137 4930.5
1138 4931.5
1139 4929.5
1140 4930.0
1141 4933.0
1142 4931.0
1143 4933.0
1144 4930.0
1145 4926.5
1146 4929.0
1147 4931.5
1148 4929.5
1149 4928.0
1150 4929.5
1151 4928.0
1152 4929.0
1153 4929.0
1154 4928.5
1155 4928.0
1156 4927.5
1157 4928.5
1158 4927.5
1159 4929.0
1160 4927.0
1161 4929.0
1162 4928.0
1163 4926.5
1164 4927.0
1165 4930.5
1166 4928.5
1167 4929.0
1168 4926.5
1169 4929.5
1170 4929.0
1171 4925.5
1172 4929.0
1173 4931.5
1174 4929.0
1175 4928.0
1176 4929.0
1177 4928.0
1178 4927.5
1179 4928.5
1180 4930.5
1181 4929.0
1182 4927.0
1183 4927.5
1184 4928.0
1185 4928.5
1186 4924.5
1187 4928.0
1188 4928.5
1189 4929.0
1190 4929.0
1191 4929.5
1192 4929.5
1193 4928.5
1194 4928.5
1195 4928.5
1196 4928.5
1197 4929.0
1198 4925.5
1199 4928.0
1200 4928.0
1201 4928.0
1202 4928.5
1203 4927.5
1204 4929.0
1205 4928.5
1206 4929.0
1207 4929.0
1208 4929.0
1209 4928.0
1210 4928.5
1211 4928.5
1212 4928.5
1213 4925.5
1214 4929.5
1215 4929.5
1216 4930.0
1217 4931.5
1218 4928.5
1219 4929.5
1220 4929.0
1221 4931.0
1222 4928.5
1223 4930.5
1224 4931.5
1225 4933.0
1226 4935.0
1227 4932.5
1228 4929.5
1229 4932.5
1230 4933.5
1231 4933.5
1232 4933.5
1233 4933.5
1234 4933.0
1235 4933.0
1236 4932.5
1237 4932.0
1238 4932.5
1239 4935.0
1240 4932.5
1241 4931.5
1242 4931.0
1243 4934.0
1244 4931.5
1245 4931.0
1246 4930.5
1247 4931.0
1248 4930.5
1249 4931.0
1250 4931.5
1251 4934.0
1252 4933.5
1253 4932.0
1254 4932.0
1255 4931.5
1256 4934.0
1257 4932.0
1258 4931.0
1259 4934.0
1260 4931.0
1261 4931.0
1262 4931.5
1263 4931.0
1264 4931.5
1265 4932.0
1266 4932.0
1267 4932.0
1268 4933.5
1269 4931.5
1270 4933.5
1271 4932.0
1272 4934.0
1273 4933.5
1274 4934.0
1275 4932.5
1276 4936.0
1277 4934.0
1278 4932.5
1279 4933.5
1280 4929.5
1281 4933.0
1282 4933.0
1283 4934.0
1284 4932.5
1285 4933.0
1286 4933.0
1287 4933.5
1288 4934.0
1289 4934.5
1290 4934.5
1291 4934.5
1292 4934.0
1293 4935.0
1294 4935.5
1295 4935.5
1296 4935.0
1297 4935.0
1298 4936.0
1299 4935.0
1300 4935.0
1301 4934.5
1302 4935.5
1303 4934.5
1304 4934.5
1305 4934.5
1306 4934.5
1307 4934.5
1308 4935.0
1309 4934.5
1310 4936.0
1311 4936.5
1312 4933.5
1313 4935.0
1314 4933.5
1315 4933.5
1316 4934.0
1317 4931.0
1318 4931.5
1319 4934.0
1320 4934.0
1321 4935.5
1322 4934.5
1323 4934.5
1324 4934.5
1325 4937.0
1326 4934.0
1327 4934.0
1328 4933.5
1329 4936.0
1330 4934.0
1331 4933.0
1332 4935.5
1333 4936.0
1334 4933.0
1335 4933.0
1336 4929.5
1337 4932.0
1338 4932.5
1339 4932.5
1340 4933.0
1341 4932.5
1342 4934.0
1343 4932.5
1344 4933.5
1345 4932.5
1346 4933.5
1347 4934.0
1348 4931.5
1349 4933.0
1350 4934.5
1351 4934.5
1352 4935.5
1353 4934.0
1354 4933.0
1355 4934.0
1356 4933.5
1357 4935.0
1358 4930.5
1359 4932.5
1360 4931.0
1361 4928.5
1362 4934.5
1363 4932.5
1364 4934.5
1365 4929.5
1366 4931.5
1367 4931.0
1368 4930.5
1369 4932.0
1370 4931.0
1371 4927.5
1372 4930.5
1373 4931.5
1374 4931.5
1375 4931.5
1376 4930.0
1377 4930.5
1378 4931.0
1379 4930.5
1380 4930.5
1381 4928.5
1382 4934.0
1383 4931.5
1384 4932.0
1385 4934.0
1386 4934.0
1387 4930.5
1388 4931.5
1389 4931.0
1390 4931.5
1391 4931.5
1392 4931.5
1393 4934.0
1394 4930.5
1395 4931.0
1396 4931.5
1397 4931.0
1398 4928.5
1399 4930.0
1400 4932.5
1401 4931.0
1402 4931.0
1403 4932.0
1404 4932.0
1405 4932.0
1406 4932.0
1407 4932.5
1408 4930.5
1409 4931.5
1410 4931.0
1411 4930.5
1412 4931.5
1413 4930.5
1414 4931.5
1415 4931.5
1416 4930.5
1417 4931.5
1418 4931.5
1419 4931.5
1420 4931.5
1421 4932.0
1422 4932.5
1423 4932.5
1424 4932.5
1425 4931.5
1426 4934.5
1427 4934.0
1428 4932.5
1429 4932.5
1430 4932.0
1431 4933.0
1432 4933.0
1433 4933.0
1434 4934.0
1435 4934.0
1436 4933.0
1437 4933.0
1438 4933.0
1439 4933.5
1440 4932.5
1441 4936.0
1442 4934.0
1443 4932.5
1444 4934.0
1445 4934.5
1446 4935.0
1447 4935.0
1448 4934.5
1449 4935.0
1450 4935.0
1451 4936.0
1452 4931.5
1453 4937.0
1454 4934.5
1455 4933.0
1456 4933.5
1457 4933.5
1458 4935.0
1459 4933.5
1460 4933.5
1461 4932.5
1462 4934.0
1463 4930.5
1464 4934.0
1465 4936.0
1466 4933.5
1467 4933.0
1468 4933.0
1469 4932.0
1470 4931.5
1471 4932.0
1472 4935.0
1473 4932.0
1474 4929.5
1475 4935.5
1476 4933.0
1477 4933.0
1478 4932.5
1479 4935.0
1480 4932.5
1481 4933.5
1482 4936.0
1483 4931.5
1484 4933.0
1485 4933.5
1486 4932.5
1487 4935.5
1488 4931.5
1489 4932.5
1490 4934.5
1491 4932.0
1492 4931.0
1493 4931.0
1494 4931.5
1495 4930.5
1496 4932.0
1497 4932.0
1498 4930.5
1499 4929.5
