Sandbox logs:
0 OpenBLAS WARNING - could not determine the L2 cache size on this system, assuming 256k
START RequestId: 825f4481-5540-4c1f-9e57-1bbe3eccebbc Version: $LATEST
END RequestId: 825f4481-5540-4c1f-9e57-1bbe3eccebbc
REPORT RequestId: 825f4481-5540-4c1f-9e57-1bbe3eccebbc	Duration: 13.98 ms	Billed Duration: 14 ms	Memory Size: 128 MB	Max Memory Used: 93 MB	Init Duration: 1548.32 ms	

100 
200 4945 4951 4949.0 4947.0
300 4945 4952 4949.5 4947.5
400 4946 4952 4950.0 4948.0
500 4945 4952 4949.5 4947.5
600 4946 4950 4949.0 4947.0
700 4946 4952 4950.0 4948.0
800 4944 4951 4948.5 4946.5
900 4944 4950 4948.0 4946.0
1000 4944 4950 4948.0 4946.0
1100 4944 4950 4948.0 4946.0
1200 4945 4951 4949.0 4947.0
1300 4944 4946 4946.0 4944.0
1400 4945 4951 4949.0 4947.0
1500 4950 4951 4951.5 4949.5
1600 4945 4951 4949.0 4947.0
1700 4945 4948 4947.5 4945.5
1800 4946 4952 4950.0 4948.0
1900 4945 4952 4949.5 4947.5
2000 4945 4950 4948.5 4946.5
2100 4945 4952 4949.5 4947.5
2200 4945 4952 4949.5 4947.5
2300 4946 4952 4950.0 4948.0
2400 4951 4953 4953.0 4951.0
2500 4947 4948 4948.5 4946.5
2600 4946 4953 4950.5 4948.5
2700 4947 4953 4951.0 4949.0
2800 4952 4953 4953.5 4951.5
2900 4946 4953 4950.5 4948.5
3000 4946 4953 4950.5 4948.5
3100 4947 4953 4951.0 4949.0
3200 4947 4951 4950.0 4948.0
3300 4946 4953 4950.5 4948.5
3400 4946 4953 4950.5 4948.5
3500 4946 4951 4949.5 4947.5
3600 4947 4954 4951.5 4949.5
3700 4947 4952 4950.5 4948.5
3800 4947 4953 4951.0 4949.0
3900 4948 4954 4952.0 4950.0
4000 4947 4953 4951.0 4949.0
4100 4946 4953 4950.5 4948.5
4200 4946 4947 4947.5 4945.5
4300 4946 4952 4950.0 4948.0
4400 4946 4953 4950.5 4948.5
4500 4946 4953 4950.5 4948.5
4600 4946 4953 4950.5 4948.5
4700 4946 4947 4947.5 4945.5
4800 4951 4952 4952.5 4950.5
4900 4946 4952 4950.0 4948.0
5000 4947 4953 4951.0 4949.0
5100 4947 4948 4948.5 4946.5
5200 4947 4953 4951.0 4949.0
5300 4947 4954 4951.5 4949.5
5400 4947 4952 4950.5 4948.5
5500 4947 4954 4951.5 4949.5
5600 4947 4953 4951.0 4949.0
5700 4950 4954 4953.0 4951.0
5800 4953 4954 4954.5 4952.5
5900 4947 4954 4951.5 4949.5
6000 4947 4953 4951.0 4949.0
6100 4947 4952 4950.5 4948.5
6200 4947 4948 4948.5 4946.5
6300 4947 4948 4948.5 4946.5
6400 4947 4954 4951.5 4949.5
6500 4947 4954 4951.5 4949.5
6600 4948 4955 4952.5 4950.5
6700 4948 4954 4952.0 4950.0
6800 4948 4954 4952.0 4950.0
6900 4952 4954 4954.0 4952.0
7000 4948 4954 4952.0 4950.0
7100 4947 4954 4951.5 4949.5
7200 4947 4954 4951.5 4949.5
7300 4947 4952 4950.5 4948.5
7400 4947 4953 4951.0 4949.0
7500 4947 4953 4951.0 4949.0
7600 4946 4953 4950.5 4948.5
7700 4951 4952 4952.5 4950.5
7800 4951 4952 4952.5 4950.5
7900 4946 4950 4949.0 4947.0
8000 4945 4952 4949.5 4947.5
8100 4945 4952 4949.5 4947.5
8200 4949 4950 4950.5 4948.5
8300 4946 4952 4950.0 4948.0
8400 4945 4951 4949.0 4947.0
8500 4947 4951 4950.0 4948.0
8600 4944 4951 4948.5 4946.5
8700 4945 4946 4946.5 4944.5
8800 4945 4947 4947.0 4945.0
8900 4945 4952 4949.5 4947.5
9000 4945 4950 4948.5 4946.5
9100 4946 4949 4948.5 4946.5
9200 4945 4950 4948.5 4946.5
9300 4945 4952 4949.5 4947.5
9400 4946 4952 4950.0 4948.0
9500 4946 4952 4950.0 4948.0
9600 4945 4946 4946.5 4944.5
9700 4946 4952 4950.0 4948.0
9800 4945 4950 4948.5 4946.5
9900 4945 4952 4949.5 4947.5
10000 4946 4952 4950.0 4948.0
10100 4945 4952 4949.5 4947.5
10200 4946 4952 4950.0 4948.0
10300 4946 4947 4947.5 4945.5
10400 4946 4953 4950.5 4948.5
10500 4946 4952 4950.0 4948.0
10600 4945 4950 4948.5 4946.5
10700 4946 4952 4950.0 4948.0
10800 4947 4953 4951.0 4949.0
10900 4947 4953 4951.0 4949.0
11000 4946 4952 4950.0 4948.0
11100 4946 4951 4949.5 4947.5
11200 4946 4952 4950.0 4948.0
11300 4950 4952 4952.0 4950.0
11400 4946 4951 4949.5 4947.5
11500 4945 4951 4949.0 4947.0
11600 4944 4951 4948.5 4946.5
11700 4944 4951 4948.5 4946.5
11800 4944 4951 4948.5 4946.5
11900 4944 4951 4948.5 4946.5
12000 4943 4950 4947.5 4945.5
12100 4943 4948 4946.5 4944.5
12200 4944 4950 4948.0 4946.0
12300 4943 4950 4947.5 4945.5
12400 4943 4949 4947.0 4945.0
12500 4943 4949 4947.0 4945.0
12600 4944 4949 4947.5 4945.5
12700 4943 4950 4947.5 4945.5
12800 4943 4948 4946.5 4944.5
12900 4944 4950 4948.0 4946.0
13000 4943 4950 4947.5 4945.5
13100 4944 4950 4948.0 4946.0
13200 4943 4950 4947.5 4945.5
13300 4949 4950 4950.5 4948.5
13400 4944 4950 4948.0 4946.0
13500 4947 4949 4949.0 4947.0
13600 4944 4950 4948.0 4946.0
13700 4947 4949 4949.0 4947.0
13800 4943 4950 4947.5 4945.5
13900 4942 4947 4945.5 4943.5
14000 4948 4949 4949.5 4947.5
14100 4942 4949 4946.5 4944.5
14200 4942 4949 4946.5 4944.5
14300 4943 4949 4947.0 4945.0
14400 4943 4949 4947.0 4945.0
14500 4943 4949 4947.0 4945.0
14600 4942 4947 4945.5 4943.5
14700 4943 4949 4947.0 4945.0
14800 4943 4949 4947.0 4945.0
14900 4943 4947 4946.0 4944.0
15000 4942 4943 4943.5 4941.5
15100 4948 4949 4949.5 4947.5
15200 4946 4950 4949.0 4947.0
15300 4943 4949 4947.0 4945.0
15400 4942 4947 4945.5 4943.5
15500 4948 4949 4949.5 4947.5
15600 4943 4950 4947.5 4945.5
15700 4944 4950 4948.0 4946.0
15800 4945 4950 4948.5 4946.5
15900 4945 4951 4949.0 4947.0
16000 4945 4950 4948.5 4946.5
16100 4945 4951 4949.0 4947.0
16200 4944 4945 4945.5 4943.5
16300 4944 4949 4947.5 4945.5
16400 4945 4951 4949.0 4947.0
16500 4945 4951 4949.0 4947.0
16600 4945 4951 4949.0 4947.0
16700 4944 4945 4945.5 4943.5
16800 4944 4949 4947.5 4945.5
16900 4944 4951 4948.5 4946.5
17000 4944 4951 4948.5 4946.5
17100 4945 4951 4949.0 4947.0
17200 4946 4951 4949.5 4947.5
17300 4945 4947 4947.0 4945.0
17400 4946 4952 4950.0 4948.0
17500 4951 4953 4953.0 4951.0
17600 4945 4952 4949.5 4947.5
17700 4945 4951 4949.0 4947.0
17800 4944 4951 4948.5 4946.5
17900 4945 4951 4949.0 4947.0
18000 4945 4951 4949.0 4947.0
18100 4945 4952 4949.5 4947.5
18200 4950 4952 4952.0 4950.0
18300 4944 4951 4948.5 4946.5
18400 4945 4951 4949.0 4947.0
18500 4946 4951 4949.5 4947.5
18600 4945 4950 4948.5 4946.5
18700 4945 4951 4949.0 4947.0
18800 4945 4952 4949.5 4947.5
18900 4945 4952 4949.5 4947.5
19000 4945 4950 4948.5 4946.5
19100 4945 4951 4949.0 4947.0
19200 4945 4950 4948.5 4946.5
19300 4945 4952 4949.5 4947.5
19400 4946 4951 4949.5 4947.5
19500 4946 4952 4950.0 4948.0
19600 4946 4952 4950.0 4948.0
19700 4946 4951 4949.5 4947.5
19800 4946 4953 4950.5 4948.5
19900 4946 4952 4950.0 4948.0
20000 4946 4951 4949.5 4947.5
20100 4947 4952 4950.5 4948.5
20200 4946 4953 4950.5 4948.5
20300 4946 4952 4950.0 4948.0
20400 4946 4953 4950.5 4948.5
20500 4946 4953 4950.5 4948.5
20600 4947 4953 4951.0 4949.0
20700 4947 4948 4948.5 4946.5
20800 4953 4954 4954.5 4952.5
20900 4947 4954 4951.5 4949.5
21000 4948 4949 4949.5 4947.5
21100 4949 4955 4953.0 4951.0
21200 4947 4954 4951.5 4949.5
21300 4947 4948 4948.5 4946.5
21400 4948 4955 4952.5 4950.5
21500 4952 4954 4954.0 4952.0
21600 4951 4955 4954.0 4952.0
21700 4948 4952 4951.0 4949.0
21800 4949 4954 4952.5 4950.5
21900 4948 4954 4952.0 4950.0
22000 4947 4948 4948.5 4946.5
22100 4948 4954 4952.0 4950.0
22200 4948 4953 4951.5 4949.5
22300 4948 4955 4952.5 4950.5
22400 4948 4955 4952.5 4950.5
22500 4948 4955 4952.5 4950.5
22600 4948 4953 4951.5 4949.5
22700 4948 4955 4952.5 4950.5
22800 4948 4954 4952.0 4950.0
22900 4948 4954 4952.0 4950.0
23000 4949 4955 4953.0 4951.0
23100 4948 4953 4951.5 4949.5
23200 4948 4953 4951.5 4949.5
23300 4947 4954 4951.5 4949.5
23400 4949 4954 4952.5 4950.5
23500 4950 4954 4953.0 4951.0
23600 4952 4953 4953.5 4951.5
23700 4947 4954 4951.5 4949.5
23800 4948 4954 4952.0 4950.0
23900 4953 4954 4954.5 4952.5
24000 4947 4951 4950.0 4948.0
24100 4946 4953 4950.5 4948.5
24200 4951 4952 4952.5 4950.5
24300 4945 4951 4949.0 4947.0
24400 4944 4951 4948.5 4946.5
24500 4949 4950 4950.5 4948.5
24600 4945 4951 4949.0 4947.0
24700 4945 4951 4949.0 4947.0
24800 4945 4951 4949.0 4947.0
24900 4945 4951 4949.0 4947.0
25000 4944 4949 4947.5 4945.5
25100 4946 4950 4949.0 4947.0
25200 4944 4951 4948.5 4946.5
25300 4944 4948 4947.0 4945.0
25400 4945 4951 4949.0 4947.0
25500 4946 4951 4949.5 4947.5
25600 4950 4951 4951.5 4949.5
25700 4945 4951 4949.0 4947.0
25800 4945 4951 4949.0 4947.0
25900 4944 4951 4948.5 4946.5
26000 4945 4949 4948.0 4946.0
26100 4945 4950 4948.5 4946.5
26200 4945 4952 4949.5 4947.5
26300 4945 4952 4949.5 4947.5
26400 4945 4952 4949.5 4947.5
26500 4945 4949 4948.0 4946.0
26600 4946 4952 4950.0 4948.0
26700 4945 4952 4949.5 4947.5
26800 4945 4952 4949.5 4947.5
26900 4945 4950 4948.5 4946.5
27000 4945 4950 4948.5 4946.5
27100 4945 4950 4948.5 4946.5
27200 4950 4952 4952.0 4950.0
27300 4946 4952 4950.0 4948.0
27400 4946 4952 4950.0 4948.0
27500 4945 4947 4947.0 4945.0
27600 4945 4952 4949.5 4947.5
27700 4946 4952 4950.0 4948.0
27800 4947 4953 4951.0 4949.0
27900 4947 4953 4951.0 4949.0
28000 4946 4951 4949.5 4947.5
28100 4945 4952 4949.5 4947.5
28200 4946 4952 4950.0 4948.0
28300 4946 4951 4949.5 4947.5
28400 4947 4951 4950.0 4948.0
28500 4952 4954 4954.0 4952.0
28600 4949 4954 4952.5 4950.5
28700 4948 4955 4952.5 4950.5
28800 4949 4955 4953.0 4951.0
28900 4949 4956 4953.5 4951.5
29000 4949 4956 4953.5 4951.5
29100 4951 4956 4954.5 4952.5
29200 4950 4955 4953.5 4951.5
29300 4950 4956 4954.0 4952.0
29400 4954 4956 4956.0 4954.0
29500 4949 4956 4953.5 4951.5
29600 4949 4956 4953.5 4951.5
29700 4950 4956 4954.0 4952.0
29800 4950 4956 4954.0 4952.0
29900 4950 4956 4954.0 4952.0
30000 4950 4955 4953.5 4951.5
30100 4949 4956 4953.5 4951.5
30200 4949 4952 4951.5 4949.5
30300 4949 4953 4952.0 4950.0
30400 4948 4955 4952.5 4950.5
30500 4948 4954 4952.0 4950.0
30600 4948 4955 4952.5 4950.5
30700 4953 4955 4955.0 4953.0
30800 4948 4955 4952.5 4950.5
30900 4950 4955 4953.5 4951.5
31000 4950 4956 4954.0 4952.0
31100 4950 4956 4954.0 4952.0
31200 4950 4956 4954.0 4952.0
31300 4950 4957 4954.5 4952.5
31400 4951 4957 4955.0 4953.0
31500 4951 4958 4955.5 4953.5
31600 4952 4958 4956.0 4954.0
31700 4951 4956 4954.5 4952.5
31800 4950 4957 4954.5 4952.5
31900 4952 4957 4955.5 4953.5
32000 4951 4957 4955.0 4953.0
32100 4951 4957 4955.0 4953.0
32200 4951 4956 4954.5 4952.5
32300 4950 4955 4953.5 4951.5
32400 4950 4951 4951.5 4949.5
32500 4955 4957 4957.0 4955.0
32600 4950 4957 4954.5 4952.5
32700 4950 4956 4954.0 4952.0
32800 4949 4956 4953.5 4951.5
32900 4950 4954 4953.0 4951.0
33000 4949 4956 4953.5 4951.5
33100 4948 4955 4952.5 4950.5
33200 4948 4953 4951.5 4949.5
33300 4949 4954 4952.5 4950.5
33400 4949 4956 4953.5 4951.5
33500 4950 4956 4954.0 4952.0
33600 4949 4950 4950.5 4948.5
33700 4950 4955 4953.5 4951.5
33800 4948 4955 4952.5 4950.5
33900 4948 4955 4952.5 4950.5
34000 4953 4955 4955.0 4953.0
34100 4948 4949 4949.5 4947.5
34200 4949 4956 4953.5 4951.5
34300 4949 4955 4953.0 4951.0
34400 4949 4955 4953.0 4951.0
34500 4948 4953 4951.5 4949.5
34600 4948 4955 4952.5 4950.5
34700 4948 4955 4952.5 4950.5
34800 4948 4951 4950.5 4948.5
34900 4949 4955 4953.0 4951.0
35000 4949 4953 4952.0 4950.0
35100 4949 4956 4953.5 4951.5
35200 4949 4950 4950.5 4948.5
35300 4951 4957 4955.0 4953.0
35400 4950 4957 4954.5 4952.5
35500 4950 4951 4951.5 4949.5
35600 4950 4956 4954.0 4952.0
35700 4950 4955 4953.5 4951.5
35800 4950 4956 4954.0 4952.0
35900 4950 4951 4951.5 4949.5
36000 4950 4957 4954.5 4952.5
36100 4950 4957 4954.5 4952.5
36200 4950 4955 4953.5 4951.5
36300 4951 4958 4955.5 4953.5
36400 4950 4955 4953.5 4951.5
36500 4951 4955 4954.0 4952.0
36600 4951 4957 4955.0 4953.0
36700 4954 4956 4956.0 4954.0
36800 4950 4953 4952.5 4950.5
36900 4950 4955 4953.5 4951.5
37000 4953 4957 4956.0 4954.0
37100 4955 4957 4957.0 4955.0
37200 4951 4957 4955.0 4953.0
37300 4950 4955 4953.5 4951.5
37400 4950 4956 4954.0 4952.0
37500 4955 4957 4957.0 4955.0
37600 4950 4957 4954.5 4952.5
37700 4955 4957 4957.0 4955.0
37800 4950 4957 4954.5 4952.5
37900 4950 4952 4952.0 4950.0
38000 4950 4954 4953.0 4951.0
38100 4949 4950 4950.5 4948.5
38200 4950 4956 4954.0 4952.0
38300 4949 4955 4953.0 4951.0
38400 4948 4949 4949.5 4947.5
38500 4954 4955 4955.5 4953.5
38600 4948 4955 4952.5 4950.5
38700 4949 4955 4953.0 4951.0
38800 4949 4956 4953.5 4951.5
38900 4950 4955 4953.5 4951.5
39000 4950 4957 4954.5 4952.5
39100 4949 4954 4952.5 4950.5
39200 4955 4956 4956.5 4954.5
39300 4950 4956 4954.0 4952.0
39400 4950 4956 4954.0 4952.0
39500 4950 4957 4954.5 4952.5
39600 4949 4956 4953.5 4951.5
39700 4949 4956 4953.5 4951.5
39800 4949 4954 4952.5 4950.5
39900 4950 4956 4954.0 4952.0
40000 4953 4955 4955.0 4953.0
40100 4949 4956 4953.5 4951.5
40200 4949 4954 4952.5 4950.5
40300 4949 4955 4953.0 4951.0
40400 4948 4953 4951.5 4949.5
40500 4948 4951 4950.5 4948.5
40600 4948 4954 4952.0 4950.0
40700 4948 4955 4952.5 4950.5
40800 4948 4955 4952.5 4950.5
40900 4948 4955 4952.5 4950.5
41000 4949 4951 4951.0 4949.0
41100 4947 4954 4951.5 4949.5
41200 4947 4954 4951.5 4949.5
41300 4946 4951 4949.5 4947.5
41400 4947 4950 4949.5 4947.5
41500 4948 4954 4952.0 4950.0
41600 4948 4954 4952.0 4950.0
41700 4947 4954 4951.5 4949.5
41800 4947 4952 4950.5 4948.5
41900 4949 4955 4953.0 4951.0
42000 4948 4955 4952.5 4950.5
42100 4948 4955 4952.5 4950.5
42200 4948 4953 4951.5 4949.5
42300 4953 4955 4955.0 4953.0
42400 4948 4954 4952.0 4950.0
42500 4948 4954 4952.0 4950.0
42600 4947 4952 4950.5 4948.5
42700 4947 4954 4951.5 4949.5
42800 4947 4954 4951.5 4949.5
42900 4946 4953 4950.5 4948.5
43000 4946 4953 4950.5 4948.5
43100 4946 4951 4949.5 4947.5
43200 4946 4953 4950.5 4948.5
43300 4946 4953 4950.5 4948.5
43400 4946 4951 4949.5 4947.5
43500 4946 4951 4949.5 4947.5
43600 4945 4950 4948.5 4946.5
43700 4946 4952 4950.0 4948.0
43800 4945 4952 4949.5 4947.5
43900 4945 4952 4949.5 4947.5
44000 4945 4948 4947.5 4945.5
44100 4945 4951 4949.0 4947.0
44200 4945 4951 4949.0 4947.0
44300 4945 4952 4949.5 4947.5
44400 4945 4952 4949.5 4947.5
44500 4945 4952 4949.5 4947.5
44600 4945 4952 4949.5 4947.5
44700 4945 4949 4948.0 4946.0
44800 4945 4949 4948.0 4946.0
44900 4945 4950 4948.5 4946.5
45000 4945 4951 4949.0 4947.0
45100 4945 4951 4949.0 4947.0
45200 4945 4952 4949.5 4947.5
45300 4945 4946 4946.5 4944.5
45400 4946 4952 4950.0 4948.0
45500 4946 4952 4950.0 4948.0
45600 4951 4952 4952.5 4950.5
45700 4945 4952 4949.5 4947.5
45800 4946 4952 4950.0 4948.0
45900 4946 4950 4949.0 4947.0
46000 4946 4952 4950.0 4948.0
46100 4945 4946 4946.5 4944.5
46200 4945 4946 4946.5 4944.5
46300 4950 4951 4951.5 4949.5
46400 4944 4951 4948.5 4946.5
46500 4944 4945 4945.5 4943.5
46600 4947 4949 4949.0 4947.0
46700 4944 4951 4948.5 4946.5
46800 4945 4951 4949.0 4947.0
46900 4950 4951 4951.5 4949.5
47000 4944 4949 4947.5 4945.5
47100 4945 4951 4949.0 4947.0
47200 4950 4951 4951.5 4949.5
47300 4944 4951 4948.5 4946.5
47400 4945 4950 4948.5 4946.5
47500 4944 4950 4948.0 4946.0
47600 4943 4950 4947.5 4945.5
47700 4943 4949 4947.0 4945.0
47800 4943 4948 4946.5 4944.5
47900 4944 4949 4947.5 4945.5
48000 4943 4949 4947.0 4945.0
48100 4942 4949 4946.5 4944.5
48200 4942 4949 4946.5 4944.5
48300 4948 4949 4949.5 4947.5
48400 4947 4949 4949.0 4947.0
48500 4942 4949 4946.5 4944.5
48600 4942 4947 4945.5 4943.5
48700 4941 4948 4945.5 4943.5
48800 4943 4949 4947.0 4945.0
48900 4942 4948 4946.0 4944.0
49000 4941 4948 4945.5 4943.5
49100 4942 4948 4946.0 4944.0
49200 4940 4946 4944.0 4942.0
49300 4945 4946 4946.5 4944.5
49400 4945 4947 4947.0 4945.0
49500 4940 4947 4944.5 4942.5
49600 4940 4947 4944.5 4942.5
49700 4941 4946 4944.5 4942.5
49800 4941 4948 4945.5 4943.5
49900 4941 4946 4944.5 4942.5
50000 4943 4947 4946.0 4944.0
50100 4941 4947 4945.0 4943.0
50200 4942 4948 4946.0 4944.0
50300 4942 4946 4945.0 4943.0
50400 4942 4948 4946.0 4944.0
50500 4942 4948 4946.0 4944.0
50600 4947 4948 4948.5 4946.5
50700 4941 4943 4943.0 4941.0
50800 4941 4946 4944.5 4942.5
50900 4941 4948 4945.5 4943.5
51000 4942 4948 4946.0 4944.0
51100 4941 4948 4945.5 4943.5
51200 4941 4947 4945.0 4943.0
51300 4941 4947 4945.0 4943.0
51400 4941 4948 4945.5 4943.5
51500 4941 4948 4945.5 4943.5
51600 4941 4947 4945.0 4943.0
51700 4941 4946 4944.5 4942.5
51800 4942 4948 4946.0 4944.0
51900 4941 4946 4944.5 4942.5
52000 4941 4947 4945.0 4943.0
52100 4940 4947 4944.5 4942.5
52200 4941 4946 4944.5 4942.5
52300 4940 4945 4943.5 4941.5
52400 4941 4947 4945.0 4943.0
52500 4941 4947 4945.0 4943.0
52600 4941 4947 4945.0 4943.0
52700 4941 4948 4945.5 4943.5
52800 4941 4948 4945.5 4943.5
52900 4941 4947 4945.0 4943.0
53000 4941 4948 4945.5 4943.5
53100 4943 4949 4947.0 4945.0
53200 4943 4950 4947.5 4945.5
53300 4943 4950 4947.5 4945.5
53400 4942 4943 4943.5 4941.5
53500 4943 4948 4946.5 4944.5
53600 4943 4949 4947.0 4945.0
53700 4943 4948 4946.5 4944.5
53800 4944 4948 4947.0 4945.0
53900 4949 4951 4951.0 4949.0
54000 4945 4951 4949.0 4947.0
54100 4944 4951 4948.5 4946.5
54200 4943 4950 4947.5 4945.5
54300 4945 4951 4949.0 4947.0
54400 4944 4951 4948.5 4946.5
54500 4944 4945 4945.5 4943.5
54600 4945 4950 4948.5 4946.5
54700 4944 4950 4948.0 4946.0
54800 4943 4950 4947.5 4945.5
54900 4943 4949 4947.0 4945.0
55000 4943 4949 4947.0 4945.0
55100 4943 4950 4947.5 4945.5
55200 4943 4950 4947.5 4945.5
55300 4944 4948 4947.0 4945.0
55400 4944 4950 4948.0 4946.0
55500 4947 4949 4949.0 4947.0
55600 4943 4949 4947.0 4945.0
55700 4943 4948 4946.5 4944.5
55800 4943 4950 4947.5 4945.5
55900 4943 4950 4947.5 4945.5
56000 4943 4950 4947.5 4945.5
56100 4943 4950 4947.5 4945.5
56200 4943 4950 4947.5 4945.5
56300 4943 4948 4946.5 4944.5
56400 4944 4950 4948.0 4946.0
56500 4943 4950 4947.5 4945.5
56600 4943 4949 4947.0 4945.0
56700 4943 4950 4947.5 4945.5
56800 4943 4950 4947.5 4945.5
56900 4944 4950 4948.0 4946.0
57000 4943 4949 4947.0 4945.0
57100 4943 4949 4947.0 4945.0
57200 4943 4946 4945.5 4943.5
57300 4943 4950 4947.5 4945.5
57400 4944 4948 4947.0 4945.0
57500 4944 4949 4947.5 4945.5
57600 4944 4951 4948.5 4946.5
57700 4945 4949 4948.0 4946.0
57800 4945 4951 4949.0 4947.0
57900 4944 4950 4948.0 4946.0
58000 4945 4951 4949.0 4947.0
58100 4943 4950 4947.5 4945.5
58200 4944 4950 4948.0 4946.0
58300 4944 4951 4948.5 4946.5
58400 4944 4951 4948.5 4946.5
58500 4945 4951 4949.0 4947.0
58600 4945 4951 4949.0 4947.0
58700 4945 4951 4949.0 4947.0
58800 4945 4951 4949.0 4947.0
58900 4944 4951 4948.5 4946.5
59000 4945 4951 4949.0 4947.0
59100 4944 4945 4945.5 4943.5
59200 4949 4951 4951.0 4949.0
59300 4944 4950 4948.0 4946.0
59400 4944 4949 4947.5 4945.5
59500 4945 4950 4948.5 4946.5
59600 4944 4951 4948.5 4946.5
59700 4945 4951 4949.0 4947.0
59800 4944 4951 4948.5 4946.5
59900 4946 4951 4949.5 4947.5
60000 4946 4952 4950.0 4948.0
60100 4945 4952 4949.5 4947.5
60200 4946 4952 4950.0 4948.0
60300 4945 4952 4949.5 4947.5
60400 4946 4952 4950.0 4948.0
60500 4946 4952 4950.0 4948.0
60600 4945 4950 4948.5 4946.5
60700 4946 4951 4949.5 4947.5
60800 4945 4952 4949.5 4947.5
60900 4945 4951 4949.0 4947.0
61000 4944 4951 4948.5 4946.5
61100 4944 4945 4945.5 4943.5
61200 4944 4951 4948.5 4946.5
61300 4944 4950 4948.0 4946.0
61400 4944 4951 4948.5 4946.5
61500 4945 4952 4949.5 4947.5
61600 4945 4952 4949.5 4947.5
61700 4950 4951 4951.5 4949.5
61800 4944 4951 4948.5 4946.5
61900 4945 4951 4949.0 4947.0
62000 4944 4950 4948.0 4946.0
62100 4944 4950 4948.0 4946.0
62200 4944 4950 4948.0 4946.0
62300 4944 4951 4948.5 4946.5
62400 4944 4951 4948.5 4946.5
62500 4944 4950 4948.0 4946.0
62600 4943 4950 4947.5 4945.5
62700 4944 4949 4947.5 4945.5
62800 4943 4950 4947.5 4945.5
62900 4943 4950 4947.5 4945.5
63000 4943 4950 4947.5 4945.5
63100 4943 4948 4946.5 4944.5
63200 4943 4950 4947.5 4945.5
63300 4943 4950 4947.5 4945.5
63400 4943 4948 4946.5 4944.5
63500 4943 4948 4946.5 4944.5
63600 4943 4948 4946.5 4944.5
63700 4944 4949 4947.5 4945.5
63800 4943 4949 4947.0 4945.0
63900 4942 4947 4945.5 4943.5
64000 4942 4948 4946.0 4944.0
64100 4941 4948 4945.5 4943.5
64200 4941 4946 4944.5 4942.5
64300 4941 4948 4945.5 4943.5
64400 4940 4947 4944.5 4942.5
64500 4942 4947 4945.5 4943.5
64600 4941 4948 4945.5 4943.5
64700 4941 4946 4944.5 4942.5
64800 4941 4945 4944.0 4942.0
64900 4940 4941 4941.5 4939.5
65000 4941 4946 4944.5 4942.5
65100 4942 4947 4945.5 4943.5
65200 4940 4947 4944.5 4942.5
65300 4945 4946 4946.5 4944.5
65400 4940 4947 4944.5 4942.5
65500 4941 4945 4944.0 4942.0
65600 4941 4947 4945.0 4943.0
65700 4940 4947 4944.5 4942.5
65800 4940 4947 4944.5 4942.5
65900 4940 4946 4944.0 4942.0
66000 4941 4947 4945.0 4943.0
66100 4940 4947 4944.5 4942.5
66200 4940 4947 4944.5 4942.5
66300 4940 4947 4944.5 4942.5
66400 4940 4945 4943.5 4941.5
66500 4940 4941 4941.5 4939.5
66600 4942 4944 4944.0 4942.0
66700 4942 4946 4945.0 4943.0
66800 4939 4945 4943.0 4941.0
66900 4938 4945 4942.5 4940.5
67000 4938 4939 4939.5 4937.5
67100 4938 4943 4941.5 4939.5
67200 4937 4943 4941.0 4939.0
67300 4937 4942 4940.5 4938.5
67400 4937 4943 4941.0 4939.0
67500 4937 4944 4941.5 4939.5
67600 4937 4944 4941.5 4939.5
67700 4938 4944 4942.0 4940.0
67800 4938 4944 4942.0 4940.0
67900 4938 4942 4941.0 4939.0
68000 4938 4945 4942.5 4940.5
68100 4937 4944 4941.5 4939.5
68200 4938 4941 4940.5 4938.5
68300 4937 4944 4941.5 4939.5
68400 4938 4944 4942.0 4940.0
68500 4939 4944 4942.5 4940.5
68600 4938 4943 4941.5 4939.5
68700 4939 4944 4942.5 4940.5
68800 4938 4945 4942.5 4940.5
68900 4941 4944 4943.5 4941.5
69000 4939 4944 4942.5 4940.5
69100 4938 4945 4942.5 4940.5
69200 4938 4943 4941.5 4939.5
69300 4939 4945 4943.0 4941.0
69400 4939 4945 4943.0 4941.0
69500 4939 4945 4943.0 4941.0
69600 4938 4943 4941.5 4939.5
69700 4938 4944 4942.0 4940.0
69800 4938 4944 4942.0 4940.0
69900 4937 4944 4941.5 4939.5
70000 4938 4944 4942.0 4940.0
70100 4937 4942 4940.5 4938.5
70200 4937 4943 4941.0 4939.0
70300 4936 4942 4940.0 4938.0
70400 4936 4940 4939.0 4937.0
70500 4936 4943 4940.5 4938.5
70600 4941 4942 4942.5 4940.5
70700 4935 4940 4938.5 4936.5
70800 4935 4942 4939.5 4937.5
70900 4934 4941 4938.5 4936.5
71000 4940 4941 4941.5 4939.5
71100 4934 4935 4935.5 4933.5
71200 4935 4941 4939.0 4937.0
71300 4935 4942 4939.5 4937.5
71400 4934 4941 4938.5 4936.5
71500 4936 4942 4940.0 4938.0
71600 4936 4943 4940.5 4938.5
71700 4936 4943 4940.5 4938.5
71800 4937 4943 4941.0 4939.0
71900 4937 4939 4939.0 4937.0
72000 4937 4942 4940.5 4938.5
72100 4937 4938 4938.5 4936.5
72200 4936 4943 4940.5 4938.5
72300 4936 4942 4940.0 4938.0
72400 4935 4942 4939.5 4937.5
72500 4936 4942 4940.0 4938.0
72600 4938 4942 4941.0 4939.0
72700 4936 4943 4940.5 4938.5
72800 4936 4943 4940.5 4938.5
72900 4937 4943 4941.0 4939.0
73000 4937 4943 4941.0 4939.0
73100 4937 4942 4940.5 4938.5
73200 4938 4944 4942.0 4940.0
73300 4941 4944 4943.5 4941.5
73400 4938 4943 4941.5 4939.5
73500 4938 4945 4942.5 4940.5
73600 4937 4944 4941.5 4939.5
73700 4943 4944 4944.5 4942.5
73800 4938 4944 4942.0 4940.0
73900 4939 4944 4942.5 4940.5
74000 4938 4941 4940.5 4938.5
74100 4939 4944 4942.5 4940.5
74200 4938 4945 4942.5 4940.5
74300 4938 4944 4942.0 4940.0
74400 4938 4939 4939.5 4937.5
74500 4941 4945 4944.0 4942.0
74600 4938 4944 4942.0 4940.0
74700 4938 4944 4942.0 4940.0
74800 4938 4944 4942.0 4940.0
74900 4937 4942 4940.5 4938.5
75000 4937 4943 4941.0 4939.0
75100 4937 4943 4941.0 4939.0
75200 4941 4943 4943.0 4941.0
75300 4936 4937 4937.5 4935.5
75400 4941 4943 4943.0 4941.0
75500 4937 4943 4941.0 4939.0
75600 4937 4941 4940.0 4938.0
75700 4937 4941 4940.0 4938.0
75800 4936 4942 4940.0 4938.0
75900 4936 4939 4938.5 4936.5
76000 4936 4941 4939.5 4937.5
76100 4936 4943 4940.5 4938.5
76200 4936 4943 4940.5 4938.5
76300 4936 4943 4940.5 4938.5
76400 4935 4942 4939.5 4937.5
76500 4935 4941 4939.0 4937.0
76600 4940 4941 4941.5 4939.5
76700 4936 4941 4939.5 4937.5
76800 4935 4942 4939.5 4937.5
76900 4935 4942 4939.5 4937.5
77000 4935 4941 4939.0 4937.0
77100 4935 4942 4939.5 4937.5
77200 4935 4941 4939.0 4937.0
77300 4935 4941 4939.0 4937.0
77400 4935 4941 4939.0 4937.0
77500 4935 4941 4939.0 4937.0
77600 4935 4941 4939.0 4937.0
77700 4935 4941 4939.0 4937.0
77800 4934 4941 4938.5 4936.5
77900 4935 4942 4939.5 4937.5
78000 4936 4942 4940.0 4938.0
78100 4936 4942 4940.0 4938.0
78200 4936 4942 4940.0 4938.0
78300 4936 4942 4940.0 4938.0
78400 4935 4942 4939.5 4937.5
78500 4934 4941 4938.5 4936.5
78600 4935 4941 4939.0 4937.0
78700 4934 4941 4938.5 4936.5
78800 4940 4941 4941.5 4939.5
78900 4935 4941 4939.0 4937.0
79000 4935 4941 4939.0 4937.0
79100 4934 4935 4935.5 4933.5
79200 4934 4935 4935.5 4933.5
79300 4934 4941 4938.5 4936.5
79400 4934 4941 4938.5 4936.5
79500 4934 4940 4938.0 4936.0
79600 4934 4941 4938.5 4936.5
79700 4935 4937 4937.0 4935.0
79800 4939 4941 4941.0 4939.0
79900 4935 4941 4939.0 4937.0
80000 4934 4940 4938.0 4936.0
80100 4934 4939 4937.5 4935.5
80200 4935 4941 4939.0 4937.0
80300 4935 4941 4939.0 4937.0
80400 4939 4940 4940.5 4938.5
80500 4934 4940 4938.0 4936.0
80600 4933 4940 4937.5 4935.5
80700 4934 4940 4938.0 4936.0
80800 4934 4940 4938.0 4936.0
80900 4935 4941 4939.0 4937.0
81000 4934 4941 4938.5 4936.5
81100 4935 4941 4939.0 4937.0
81200 4935 4941 4939.0 4937.0
81300 4935 4942 4939.5 4937.5
81400 4935 4942 4939.5 4937.5
81500 4935 4942 4939.5 4937.5
81600 4935 4942 4939.5 4937.5
81700 4936 4942 4940.0 4938.0
81800 4941 4943 4943.0 4941.0
81900 4935 4942 4939.5 4937.5
82000 4935 4942 4939.5 4937.5
82100 4936 4941 4939.5 4937.5
82200 4936 4942 4940.0 4938.0
82300 4937 4943 4941.0 4939.0
82400 4937 4943 4941.0 4939.0
82500 4941 4943 4943.0 4941.0
82600 4935 4942 4939.5 4937.5
82700 4935 4936 4936.5 4934.5
82800 4938 4942 4941.0 4939.0
82900 4934 4939 4937.5 4935.5
83000 4935 4941 4939.0 4937.0
83100 4934 4941 4938.5 4936.5
83200 4934 4940 4938.0 4936.0
83300 4934 4939 4937.5 4935.5
83400 4934 4941 4938.5 4936.5
83500 4934 4939 4937.5 4935.5
83600 4934 4941 4938.5 4936.5
83700 4934 4941 4938.5 4936.5
83800 4934 4941 4938.5 4936.5
83900 4934 4939 4937.5 4935.5
84000 4934 4941 4938.5 4936.5
84100 4939 4940 4940.5 4938.5
84200 4934 4935 4935.5 4933.5
84300 4934 4940 4938.0 4936.0
84400 4934 4939 4937.5 4935.5
84500 4934 4939 4937.5 4935.5
84600 4934 4941 4938.5 4936.5
84700 4936 4941 4939.5 4937.5
84800 4940 4941 4941.5 4939.5
84900 4934 4940 4938.0 4936.0
85000 4934 4941 4938.5 4936.5
85100 4934 4939 4937.5 4935.5
85200 4933 4938 4936.5 4934.5
85300 4933 4938 4936.5 4934.5
85400 4939 4940 4940.5 4938.5
85500 4934 4940 4938.0 4936.0
85600 4934 4939 4937.5 4935.5
85700 4933 4935 4935.0 4933.0
85800 4933 4940 4937.5 4935.5
85900 4933 4939 4937.0 4935.0
86000 4932 4939 4936.5 4934.5
86100 4932 4939 4936.5 4934.5
86200 4935 4939 4938.0 4936.0
86300 4934 4939 4937.5 4935.5
86400 4933 4940 4937.5 4935.5
86500 4933 4939 4937.0 4935.0
86600 4932 4939 4936.5 4934.5
86700 4932 4939 4936.5 4934.5
86800 4932 4938 4936.0 4934.0
86900 4937 4938 4938.5 4936.5
87000 4932 4937 4935.5 4933.5
87100 4937 4939 4939.0 4937.0
87200 4932 4939 4936.5 4934.5
87300 4938 4939 4939.5 4937.5
87400 4933 4939 4937.0 4935.0
87500 4937 4939 4939.0 4937.0
87600 4933 4939 4937.0 4935.0
87700 4932 4935 4934.5 4932.5
87800 4932 4938 4936.0 4934.0
87900 4937 4939 4939.0 4937.0
88000 4932 4938 4936.0 4934.0
88100 4932 4938 4936.0 4934.0
88200 4932 4939 4936.5 4934.5
88300 4933 4939 4937.0 4935.0
88400 4933 4937 4936.0 4934.0
88500 4932 4939 4936.5 4934.5
88600 4937 4939 4939.0 4937.0
88700 4932 4939 4936.5 4934.5
88800 4932 4939 4936.5 4934.5
88900 4933 4939 4937.0 4935.0
89000 4933 4940 4937.5 4935.5
89100 4938 4940 4940.0 4938.0
89200 4938 4940 4940.0 4938.0
89300 4933 4940 4937.5 4935.5
89400 4933 4940 4937.5 4935.5
89500 4938 4940 4940.0 4938.0
89600 4934 4940 4938.0 4936.0
89700 4933 4938 4936.5 4934.5
89800 4935 4940 4938.5 4936.5
89900 4935 4940 4938.5 4936.5
90000 4934 4941 4938.5 4936.5
90100 4934 4940 4938.0 4936.0
90200 4934 4940 4938.0 4936.0
90300 4934 4940 4938.0 4936.0
90400 4933 4934 4934.5 4932.5
90500 4933 4939 4937.0 4935.0
90600 4933 4940 4937.5 4935.5
90700 4933 4938 4936.5 4934.5
90800 4934 4940 4938.0 4936.0
90900 4933 4938 4936.5 4934.5
91000 4933 4940 4937.5 4935.5
91100 4934 4940 4938.0 4936.0
91200 4938 4939 4939.5 4937.5
91300 4933 4939 4937.0 4935.0
91400 4932 4933 4933.5 4931.5
91500 4932 4939 4936.5 4934.5
91600 4933 4940 4937.5 4935.5
91700 4933 4939 4937.0 4935.0
91800 4933 4934 4934.5 4932.5
91900 4938 4939 4939.5 4937.5
92000 4934 4939 4937.5 4935.5
92100 4933 4939 4937.0 4935.0
92200 4933 4940 4937.5 4935.5
92300 4933 4940 4937.5 4935.5
92400 4938 4939 4939.5 4937.5
92500 4933 4938 4936.5 4934.5
92600 4932 4939 4936.5 4934.5
92700 4932 4939 4936.5 4934.5
92800 4932 4939 4936.5 4934.5
92900 4932 4937 4935.5 4933.5
93000 4933 4937 4936.0 4934.0
93100 4932 4938 4936.0 4934.0
93200 4932 4939 4936.5 4934.5
93300 4932 4937 4935.5 4933.5
93400 4932 4939 4936.5 4934.5
93500 4932 4937 4935.5 4933.5
93600 4933 4939 4937.0 4935.0
93700 4938 4939 4939.5 4937.5
93800 4933 4939 4937.0 4935.0
93900 4933 4939 4937.0 4935.0
94000 4938 4940 4940.0 4938.0
94100 4933 4940 4937.5 4935.5
94200 4933 4939 4937.0 4935.0
94300 4932 4937 4935.5 4933.5
94400 4933 4938 4936.5 4934.5
94500 4936 4938 4938.0 4936.0
94600 4931 4938 4935.5 4933.5
94700 4931 4938 4935.5 4933.5
94800 4931 4937 4935.0 4933.0
94900 4930 4937 4934.5 4932.5
95000 4935 4938 4937.5 4935.5
95100 4931 4932 4932.5 4930.5
95200 4931 4937 4935.0 4933.0
95300 4930 4937 4934.5 4932.5
95400 4931 4937 4935.0 4933.0
95500 4931 4937 4935.0 4933.0
95600 4931 4932 4932.5 4930.5
95700 4930 4937 4934.5 4932.5
95800 4930 4937 4934.5 4932.5
95900 4930 4937 4934.5 4932.5
96000 4930 4937 4934.5 4932.5
96100 4931 4932 4932.5 4930.5
96200 4931 4938 4935.5 4933.5
96300 4937 4938 4938.5 4936.5
96400 4931 4938 4935.5 4933.5
96500 4933 4939 4937.0 4935.0
96600 4933 4939 4937.0 4935.0
96700 4932 4938 4936.0 4934.0
96800 4931 4938 4935.5 4933.5
96900 4937 4938 4938.5 4936.5
97000 4932 4938 4936.0 4934.0
97100 4932 4938 4936.0 4934.0
97200 4932 4937 4935.5 4933.5
97300 4933 4938 4936.5 4934.5
97400 4932 4938 4936.0 4934.0
97500 4932 4939 4936.5 4934.5
97600 4932 4938 4936.0 4934.0
97700 4932 4938 4936.0 4934.0
97800 4932 4939 4936.5 4934.5
97900 4932 4938 4936.0 4934.0
98000 4932 4938 4936.0 4934.0
98100 4933 4938 4936.5 4934.5
98200 4932 4938 4936.0 4934.0
98300 4932 4938 4936.0 4934.0
98400 4933 4939 4937.0 4935.0
98500 4932 4934 4934.0 4932.0
98600 4933 4939 4937.0 4935.0
98700 4932 4938 4936.0 4934.0
98800 4935 4939 4938.0 4936.0
98900 4932 4938 4936.0 4934.0
99000 4931 4938 4935.5 4933.5
99100 4932 4938 4936.0 4934.0
99200 4931 4938 4935.5 4933.5
99300 4932 4937 4935.5 4933.5
99400 4937 4939 4939.0 4937.0
99500 4932 4938 4936.0 4934.0
99600 4933 4939 4937.0 4935.0
99700 4932 4938 4936.0 4934.0
99800 4933 4938 4936.5 4934.5
99900 4932 4938 4936.0 4934.0
100000 4934 4938 4937.0 4935.0
100100 4931 4932 4932.5 4930.5
100200 4931 4938 4935.5 4933.5
100300 4931 4938 4935.5 4933.5
100400 4932 4938 4936.0 4934.0
100500 4931 4937 4935.0 4933.0
100600 4936 4937 4937.5 4935.5
100700 4931 4938 4935.5 4933.5
100800 4931 4933 4933.0 4931.0
100900 4930 4935 4933.5 4931.5
101000 4931 4937 4935.0 4933.0
101100 4936 4938 4938.0 4936.0
101200 4930 4937 4934.5 4932.5
101300 4930 4937 4934.5 4932.5
101400 4930 4937 4934.5 4932.5
101500 4931 4937 4935.0 4933.0
101600 4931 4936 4934.5 4932.5
101700 4931 4932 4932.5 4930.5
101800 4932 4937 4935.5 4933.5
101900 4932 4938 4936.0 4934.0
102000 4932 4938 4936.0 4934.0
102100 4932 4936 4935.0 4933.0
102200 4932 4938 4936.0 4934.0
102300 4934 4940 4938.0 4936.0
102400 4933 4939 4937.0 4935.0
102500 4933 4939 4937.0 4935.0
102600 4933 4939 4937.0 4935.0
102700 4933 4939 4937.0 4935.0
102800 4933 4936 4935.5 4933.5
102900 4934 4938 4937.0 4935.0
103000 4936 4940 4939.0 4937.0
103100 4933 4940 4937.5 4935.5
103200 4932 4939 4936.5 4934.5
103300 4932 4938 4936.0 4934.0
103400 4932 4938 4936.0 4934.0
103500 4931 4938 4935.5 4933.5
103600 4931 4936 4934.5 4932.5
103700 4931 4936 4934.5 4932.5
103800 4931 4937 4935.0 4933.0
103900 4932 4938 4936.0 4934.0
104000 4931 4938 4935.5 4933.5
104100 4931 4937 4935.0 4933.0
104200 4930 4937 4934.5 4932.5
104300 4930 4937 4934.5 4932.5
104400 4929 4934 4932.5 4930.5
104500 4930 4931 4931.5 4929.5
104600 4929 4936 4933.5 4931.5
104700 4929 4936 4933.5 4931.5
104800 4929 4935 4933.0 4931.0
104900 4929 4935 4933.0 4931.0
105000 4928 4935 4932.5 4930.5
105100 4928 4935 4932.5 4930.5
105200 4928 4935 4932.5 4930.5
105300 4929 4935 4933.0 4931.0
105400 4932 4935 4934.5 4932.5
105500 4929 4931 4931.0 4929.0
105600 4929 4936 4933.5 4931.5
105700 4928 4933 4931.5 4929.5
105800 4928 4935 4932.5 4930.5
105900 4928 4935 4932.5 4930.5
106000 4933 4935 4935.0 4933.0
106100 4929 4933 4932.0 4930.0
106200 4929 4936 4933.5 4931.5
106300 4928 4929 4929.5 4927.5
106400 4929 4935 4933.0 4931.0
106500 4929 4935 4933.0 4931.0
106600 4928 4933 4931.5 4929.5
106700 4928 4935 4932.5 4930.5
106800 4929 4935 4933.0 4931.0
106900 4930 4936 4934.0 4932.0
107000 4930 4936 4934.0 4932.0
107100 4930 4935 4933.5 4931.5
107200 4930 4936 4934.0 4932.0
107300 4933 4935 4935.0 4933.0
107400 4928 4935 4932.5 4930.5
107500 4928 4935 4932.5 4930.5
107600 4928 4933 4931.5 4929.5
107700 4928 4935 4932.5 4930.5
107800 4928 4935 4932.5 4930.5
107900 4928 4935 4932.5 4930.5
108000 4929 4935 4933.0 4931.0
108100 4928 4935 4932.5 4930.5
108200 4928 4935 4932.5 4930.5
108300 4929 4935 4933.0 4931.0
108400 4929 4935 4933.0 4931.0
108500 4928 4935 4932.5 4930.5
108600 4928 4929 4929.5 4927.5
108700 4929 4935 4933.0 4931.0
108800 4934 4935 4935.5 4933.5
108900 4928 4933 4931.5 4929.5
109000 4929 4935 4933.0 4931.0
109100 4929 4934 4932.5 4930.5
109200 4933 4936 4935.5 4933.5
109300 4930 4935 4933.5 4931.5
109400 4930 4932 4932.0 4930.0
109500 4934 4936 4936.0 4934.0
109600 4930 4936 4934.0 4932.0
109700 4929 4936 4933.5 4931.5
109800 4929 4935 4933.0 4931.0
109900 4928 4935 4932.5 4930.5
110000 4928 4935 4932.5 4930.5
110100 4934 4935 4935.5 4933.5
110200 4928 4929 4929.5 4927.5
110300 4929 4934 4932.5 4930.5
110400 4929 4936 4933.5 4931.5
110500 4929 4936 4933.5 4931.5
110600 4929 4935 4933.0 4931.0
110700 4928 4935 4932.5 4930.5
110800 4932 4935 4934.5 4932.5
110900 4928 4933 4931.5 4929.5
111000 4929 4936 4933.5 4931.5
111100 4928 4930 4930.0 4928.0
111200 4933 4934 4934.5 4932.5
111300 4928 4929 4929.5 4927.5
111400 4928 4935 4932.5 4930.5
111500 4928 4935 4932.5 4930.5
111600 4928 4933 4931.5 4929.5
111700 4928 4935 4932.5 4930.5
111800 4930 4936 4934.0 4932.0
111900 4930 4936 4934.0 4932.0
112000 4930 4936 4934.0 4932.0
112100 4929 4936 4933.5 4931.5
112200 4929 4936 4933.5 4931.5
112300 4929 4936 4933.5 4931.5
112400 4929 4935 4933.0 4931.0
112500 4929 4930 4930.5 4928.5
112600 4928 4935 4932.5 4930.5
112700 4928 4931 4930.5 4928.5
112800 4928 4933 4931.5 4929.5
112900 4928 4934 4932.0 4930.0
113000 4928 4935 4932.5 4930.5
113100 4928 4933 4931.5 4929.5
113200 4928 4935 4932.5 4930.5
113300 4928 4933 4931.5 4929.5
113400 4928 4935 4932.5 4930.5
113500 4934 4935 4935.5 4933.5
113600 4928 4933 4931.5 4929.5
113700 4928 4933 4931.5 4929.5
113800 4928 4935 4932.5 4930.5
113900 4927 4932 4930.5 4928.5
114000 4927 4933 4931.0 4929.0
114100 4932 4934 4934.0 4932.0
114200 4928 4934 4932.0 4930.0
114300 4932 4934 4934.0 4932.0
114400 4927 4933 4931.0 4929.0
114500 4926 4927 4927.5 4925.5
114600 4926 4932 4930.0 4928.0
114700 4930 4933 4932.5 4930.5
114800 4926 4933 4930.5 4928.5
114900 4926 4930 4929.0 4927.0
115000 4929 4930 4930.5 4928.5
115100 4925 4931 4929.0 4927.0
115200 4926 4932 4930.0 4928.0
115300 4926 4932 4930.0 4928.0
115400 4926 4931 4929.5 4927.5
115500 4925 4931 4929.0 4927.0
115600 4924 4931 4928.5 4926.5
115700 4926 4931 4929.5 4927.5
115800 4924 4931 4928.5 4926.5
115900 4927 4931 4930.0 4928.0
116000 4925 4929 4928.0 4926.0
116100 4927 4931 4930.0 4928.0
116200 4925 4931 4929.0 4927.0
116300 4924 4929 4927.5 4925.5
116400 4925 4929 4928.0 4926.0
116500 4930 4931 4931.5 4929.5
116600 4925 4932 4929.5 4927.5
116700 4926 4932 4930.0 4928.0
116800 4926 4927 4927.5 4925.5
116900 4926 4933 4930.5 4928.5
117000 4926 4932 4930.0 4928.0
117100 4925 4926 4926.5 4924.5
117200 4926 4932 4930.0 4928.0
117300 4931 4932 4932.5 4930.5
117400 4926 4932 4930.0 4928.0
117500 4926 4930 4929.0 4927.0
117600 4926 4932 4930.0 4928.0
117700 4925 4931 4929.0 4927.0
117800 4925 4930 4928.5 4926.5
117900 4925 4932 4929.5 4927.5
118000 4930 4931 4931.5 4929.5
118100 4926 4932 4930.0 4928.0
118200 4925 4929 4928.0 4926.0
118300 4925 4930 4928.5 4926.5
118400 4925 4931 4929.0 4927.0
118500 4926 4931 4929.5 4927.5
118600 4924 4925 4925.5 4923.5
118700 4925 4931 4929.0 4927.0
118800 4925 4932 4929.5 4927.5
118900 4926 4932 4930.0 4928.0
119000 4926 4932 4930.0 4928.0
119100 4926 4933 4930.5 4928.5
119200 4926 4933 4930.5 4928.5
119300 4925 4932 4929.5 4927.5
119400 4925 4932 4929.5 4927.5
119500 4925 4932 4929.5 4927.5
119600 4925 4932 4929.5 4927.5
119700 4926 4932 4930.0 4928.0
119800 4925 4926 4926.5 4924.5
119900 4926 4930 4929.0 4927.0
120000 4925 4931 4929.0 4927.0
120100 4925 4931 4929.0 4927.0
120200 4925 4932 4929.5 4927.5
120300 4925 4930 4928.5 4926.5
120400 4926 4932 4930.0 4928.0
120500 4925 4932 4929.5 4927.5
120600 4926 4932 4930.0 4928.0
120700 4926 4932 4930.0 4928.0
120800 4926 4932 4930.0 4928.0
120900 4926 4930 4929.0 4927.0
121000 4925 4932 4929.5 4927.5
121100 4925 4932 4929.5 4927.5
121200 4925 4932 4929.5 4927.5
121300 4925 4926 4926.5 4924.5
121400 4926 4933 4930.5 4928.5
121500 4926 4933 4930.5 4928.5
121600 4929 4931 4931.0 4929.0
121700 4931 4932 4932.5 4930.5
121800 4926 4931 4929.5 4927.5
121900 4926 4933 4930.5 4928.5
122000 4927 4931 4930.0 4928.0
122100 4928 4934 4932.0 4930.0
122200 4927 4930 4929.5 4927.5
122300 4927 4934 4931.5 4929.5
122400 4928 4935 4932.5 4930.5
122500 4932 4934 4934.0 4932.0
122600 4934 4936 4936.0 4934.0
122700 4929 4936 4933.5 4931.5
122800 4929 4930 4930.5 4928.5
122900 4930 4935 4933.5 4931.5
123000 4930 4937 4934.5 4932.5
123100 4930 4937 4934.5 4932.5
123200 4930 4937 4934.5 4932.5
123300 4930 4937 4934.5 4932.5
123400 4930 4936 4934.0 4932.0
123500 4930 4936 4934.0 4932.0
123600 4929 4936 4933.5 4931.5
123700 4929 4935 4933.0 4931.0
123800 4929 4936 4933.5 4931.5
123900 4934 4936 4936.0 4934.0
124000 4929 4936 4933.5 4931.5
124100 4928 4935 4932.5 4930.5
124200 4928 4934 4932.0 4930.0
124300 4933 4935 4935.0 4933.0
124400 4928 4935 4932.5 4930.5
124500 4928 4934 4932.0 4930.0
124600 4927 4934 4931.5 4929.5
124700 4928 4934 4932.0 4930.0
124800 4927 4934 4931.5 4929.5
124900 4928 4934 4932.0 4930.0
125000 4928 4935 4932.5 4930.5
125100 4933 4935 4935.0 4933.0
125200 4933 4934 4934.5 4932.5
125300 4929 4935 4933.0 4931.0
125400 4929 4935 4933.0 4931.0
125500 4928 4935 4932.5 4930.5
125600 4933 4935 4935.0 4933.0
125700 4929 4935 4933.0 4931.0
125800 4929 4933 4932.0 4930.0
125900 4933 4935 4935.0 4933.0
126000 4928 4934 4932.0 4930.0
126100 4928 4934 4932.0 4930.0
126200 4929 4934 4932.5 4930.5
126300 4928 4934 4932.0 4930.0
126400 4928 4935 4932.5 4930.5
126500 4929 4935 4933.0 4931.0
126600 4929 4935 4933.0 4931.0
126700 4929 4935 4933.0 4931.0
126800 4932 4935 4934.5 4932.5
126900 4929 4934 4932.5 4930.5
127000 4931 4936 4934.5 4932.5
127100 4930 4934 4933.0 4931.0
127200 4931 4937 4935.0 4933.0
127300 4930 4937 4934.5 4932.5
127400 4931 4937 4935.0 4933.0
127500 4930 4935 4933.5 4931.5
127600 4935 4937 4937.0 4935.0
127700 4931 4937 4935.0 4933.0
127800 4930 4935 4933.5 4931.5
127900 4930 4937 4934.5 4932.5
128000 4929 4930 4930.5 4928.5
128100 4930 4936 4934.0 4932.0
128200 4930 4936 4934.0 4932.0
128300 4932 4936 4935.0 4933.0
128400 4929 4936 4933.5 4931.5
128500 4930 4936 4934.0 4932.0
128600 4930 4936 4934.0 4932.0
128700 4930 4937 4934.5 4932.5
128800 4931 4937 4935.0 4933.0
128900 4931 4938 4935.5 4933.5
129000 4931 4938 4935.5 4933.5
129100 4931 4938 4935.5 4933.5
129200 4932 4936 4935.0 4933.0
129300 4932 4938 4936.0 4934.0
129400 4932 4939 4936.5 4934.5
129500 4932 4939 4936.5 4934.5
129600 4932 4938 4936.0 4934.0
129700 4932 4938 4936.0 4934.0
129800 4934 4938 4937.0 4935.0
129900 4932 4938 4936.0 4934.0
130000 4932 4938 4936.0 4934.0
130100 4932 4937 4935.5 4933.5
130200 4932 4939 4936.5 4934.5
130300 4931 4938 4935.5 4933.5
130400 4931 4938 4935.5 4933.5
130500 4932 4937 4935.5 4933.5
130600 4931 4938 4935.5 4933.5
130700 4931 4938 4935.5 4933.5
130800 4932 4938 4936.0 4934.0
130900 4931 4938 4935.5 4933.5
131000 4934 4938 4937.0 4935.0
131100 4936 4937 4937.5 4935.5
131200 4930 4937 4934.5 4932.5
131300 4933 4937 4936.0 4934.0
131400 4930 4937 4934.5 4932.5
131500 4930 4937 4934.5 4932.5
131600 4931 4937 4935.0 4933.0
131700 4930 4932 4932.0 4930.0
131800 4931 4932 4932.5 4930.5
131900 4931 4937 4935.0 4933.0
132000 4931 4937 4935.0 4933.0
132100 4934 4937 4936.5 4934.5
132200 4931 4938 4935.5 4933.5
132300 4931 4938 4935.5 4933.5
132400 4931 4938 4935.5 4933.5
132500 4936 4938 4938.0 4936.0
132600 4931 4937 4935.0 4933.0
132700 4931 4937 4935.0 4933.0
132800 4930 4937 4934.5 4932.5
132900 4935 4937 4937.0 4935.0
133000 4931 4937 4935.0 4933.0
133100 4930 4936 4934.0 4932.0
133200 4935 4936 4936.5 4934.5
133300 4935 4937 4937.0 4935.0
133400 4930 4936 4934.0 4932.0
133500 4930 4936 4934.0 4932.0
133600 4929 4930 4930.5 4928.5
133700 4929 4935 4933.0 4931.0
133800 4929 4936 4933.5 4931.5
133900 4929 4936 4933.5 4931.5
134000 4930 4936 4934.0 4932.0
134100 4929 4936 4933.5 4931.5
134200 4931 4937 4935.0 4933.0
134300 4930 4935 4933.5 4931.5
134400 4930 4937 4934.5 4932.5
134500 4930 4935 4933.5 4931.5
134600 4930 4937 4934.5 4932.5
134700 4931 4937 4935.0 4933.0
134800 4931 4932 4932.5 4930.5
134900 4931 4935 4934.0 4932.0
135000 4931 4938 4935.5 4933.5
135100 4931 4938 4935.5 4933.5
135200 4935 4936 4936.5 4934.5
135300 4931 4937 4935.0 4933.0
135400 4931 4935 4934.0 4932.0
135500 4931 4937 4935.0 4933.0
135600 4930 4937 4934.5 4932.5
135700 4934 4936 4936.0 4934.0
135800 4930 4931 4931.5 4929.5
135900 4929 4936 4933.5 4931.5
136000 4929 4933 4932.0 4930.0
136100 4928 4929 4929.5 4927.5
136200 4933 4936 4935.5 4933.5
136300 4929 4936 4933.5 4931.5
136400 4934 4935 4935.5 4933.5
136500 4928 4931 4930.5 4928.5
136600 4928 4935 4932.5 4930.5
136700 4928 4934 4932.0 4930.0
136800 4927 4934 4931.5 4929.5
136900 4929 4935 4933.0 4931.0
137000 4928 4934 4932.0 4930.0
137100 4927 4928 4928.5 4926.5
137200 4927 4934 4931.5 4929.5
137300 4928 4935 4932.5 4930.5
137400 4928 4935 4932.5 4930.5
137500 4928 4935 4932.5 4930.5
137600 4928 4932 4931.0 4929.0
137700 4927 4934 4931.5 4929.5
137800 4928 4934 4932.0 4930.0
137900 4927 4934 4931.5 4929.5
138000 4927 4934 4931.5 4929.5
138100 4928 4929 4929.5 4927.5
138200 4933 4935 4935.0 4933.0
138300 4928 4935 4932.5 4930.5
138400 4929 4935 4933.0 4931.0
138500 4933 4935 4935.0 4933.0
138600 4933 4935 4935.0 4933.0
138700 4928 4933 4931.5 4929.5
138800 4928 4935 4932.5 4930.5
138900 4928 4934 4932.0 4930.0
139000 4928 4935 4932.5 4930.5
139100 4928 4935 4932.5 4930.5
139200 4928 4935 4932.5 4930.5
139300 4933 4935 4935.0 4933.0
139400 4928 4933 4931.5 4929.5
139500 4928 4934 4932.0 4930.0
139600 4928 4935 4932.5 4930.5
139700 4928 4934 4932.0 4930.0
139800 4927 4930 4929.5 4927.5
139900 4927 4933 4931.0 4929.0
140000 4931 4934 4933.5 4931.5
140100 4928 4934 4932.0 4930.0
140200 4928 4934 4932.0 4930.0
140300 4929 4935 4933.0 4931.0
140400 4929 4935 4933.0 4931.0
140500 4929 4935 4933.0 4931.0
140600 4929 4935 4933.0 4931.0
140700 4929 4936 4933.5 4931.5
140800 4928 4933 4931.5 4929.5
140900 4928 4935 4932.5 4930.5
141000 4928 4934 4932.0 4930.0
141100 4927 4934 4931.5 4929.5
141200 4928 4935 4932.5 4930.5
141300 4928 4933 4931.5 4929.5
141400 4928 4935 4932.5 4930.5
141500 4928 4935 4932.5 4930.5
141600 4928 4933 4931.5 4929.5
141700 4928 4935 4932.5 4930.5
141800 4928 4935 4932.5 4930.5
141900 4929 4934 4932.5 4930.5
142000 4928 4935 4932.5 4930.5
142100 4929 4935 4933.0 4931.0
142200 4929 4936 4933.5 4931.5
142300 4929 4936 4933.5 4931.5
142400 4929 4936 4933.5 4931.5
142500 4928 4935 4932.5 4930.5
142600 4934 4935 4935.5 4933.5
142700 4933 4935 4935.0 4933.0
142800 4930 4935 4933.5 4931.5
142900 4929 4936 4933.5 4931.5
143000 4929 4935 4933.0 4931.0
143100 4930 4936 4934.0 4932.0
143200 4930 4936 4934.0 4932.0
143300 4930 4936 4934.0 4932.0
143400 4932 4936 4935.0 4933.0
143500 4931 4937 4935.0 4933.0
143600 4930 4936 4934.0 4932.0
143700 4930 4936 4934.0 4932.0
143800 4930 4936 4934.0 4932.0
143900 4930 4937 4934.5 4932.5
144000 4930 4935 4933.5 4931.5
144100 4935 4937 4937.0 4935.0
144200 4931 4937 4935.0 4933.0
144300 4930 4935 4933.5 4931.5
144400 4931 4937 4935.0 4933.0
144500 4931 4938 4935.5 4933.5
144600 4932 4938 4936.0 4934.0
144700 4932 4938 4936.0 4934.0
144800 4931 4938 4935.5 4933.5
144900 4932 4938 4936.0 4934.0
145000 4932 4938 4936.0 4934.0
145100 4933 4939 4937.0 4935.0
145200 4931 4932 4932.5 4930.5
145300 4936 4938 4938.0 4936.0
145400 4931 4938 4935.5 4933.5
145500 4931 4935 4934.0 4932.0
145600 4931 4936 4934.5 4932.5
145700 4931 4936 4934.5 4932.5
145800 4932 4938 4936.0 4934.0
145900 4930 4937 4934.5 4932.5
146000 4930 4937 4934.5 4932.5
146100 4930 4935 4933.5 4931.5
146200 4933 4935 4935.0 4933.0
146300 4930 4931 4931.5 4929.5
146400 4931 4937 4935.0 4933.0
146500 4935 4937 4937.0 4935.0
146600 4930 4937 4934.5 4932.5
146700 4930 4936 4934.0 4932.0
146800 4930 4936 4934.0 4932.0
146900 4929 4935 4933.0 4931.0
147000 4928 4935 4932.5 4930.5
147100 4929 4935 4933.0 4931.0
147200 4934 4936 4936.0 4934.0
147300 4929 4935 4933.0 4931.0
147400 4929 4930 4930.5 4928.5
147500 4935 4936 4936.5 4934.5
147600 4930 4936 4934.0 4932.0
147700 4930 4936 4934.0 4932.0
147800 4929 4936 4933.5 4931.5
147900 4934 4936 4936.0 4934.0
148000 4929 4936 4933.5 4931.5
148100 4930 4937 4934.5 4932.5
148200 4935 4937 4937.0 4935.0
148300 4930 4933 4932.5 4930.5
148400 4930 4936 4934.0 4932.0
148500 4931 4936 4934.5 4932.5
148600 4929 4936 4933.5 4931.5
148700 4935 4936 4936.5 4934.5
148800 4929 4934 4932.5 4930.5
148900 4929 4936 4933.5 4931.5
149000 4934 4935 4935.5 4933.5
149100 4929 4935 4933.0 4931.0
149200 4928 4934 4932.0 4930.0
149300 4928 4934 4932.0 4930.0
149400 4928 4935 4932.5 4930.5
149500 4928 4933 4931.5 4929.5
149600 4929 4935 4933.0 4931.0
149700 4929 4935 4933.0 4931.0
149800 4928 4933 4931.5 4929.5
149900 4928 4931 4930.5 4928.5
150000 4929 4935 4933.0 4931.0
150100 4928 4933 4931.5 4929.5
150200 4929 4935 4933.0 4931.0
150300 4929 4935 4933.0 4931.0
150400 4930 4935 4933.5 4931.5
150500 4928 4935 4932.5 4930.5
150600 4928 4934 4932.0 4930.0
150700 4929 4935 4933.0 4931.0
150800 4929 4930 4930.5 4928.5
150900 4928 4933 4931.5 4929.5
151000 4930 4935 4933.5 4931.5
151100 4929 4934 4932.5 4930.5
151200 4930 4936 4934.0 4932.0
151300 4929 4936 4933.5 4931.5
151400 4928 4933 4931.5 4929.5
151500 4928 4935 4932.5 4930.5
151600 4929 4935 4933.0 4931.0
151700 4928 4929 4929.5 4927.5
151800 4929 4935 4933.0 4931.0
151900 4929 4935 4933.0 4931.0
152000 4928 4935 4932.5 4930.5
152100 4933 4935 4935.0 4933.0
152200 4929 4935 4933.0 4931.0
152300 4929 4936 4933.5 4931.5
152400 4929 4936 4933.5 4931.5
152500 4929 4936 4933.5 4931.5
152600 4930 4936 4934.0 4932.0
152700 4930 4936 4934.0 4932.0
152800 4930 4936 4934.0 4932.0
152900 4930 4936 4934.0 4932.0
153000 4930 4931 4931.5 4929.5
153100 4929 4936 4933.5 4931.5
153200 4930 4937 4934.5 4932.5
153300 4930 4937 4934.5 4932.5
153400 4930 4937 4934.5 4932.5
153500 4931 4937 4935.0 4933.0
153600 4930 4936 4934.0 4932.0
153700 4930 4937 4934.5 4932.5
153800 4931 4937 4935.0 4933.0
153900 4931 4938 4935.5 4933.5
154000 4936 4938 4938.0 4936.0
154100 4931 4938 4935.5 4933.5
154200 4932 4938 4936.0 4934.0
154300 4931 4932 4932.5 4930.5
154400 4931 4938 4935.5 4933.5
154500 4931 4938 4935.5 4933.5
154600 4932 4938 4936.0 4934.0
154700 4931 4938 4935.5 4933.5
154800 4931 4937 4935.0 4933.0
154900 4932 4936 4935.0 4933.0
155000 4931 4937 4935.0 4933.0
155100 4930 4936 4934.0 4932.0
155200 4931 4936 4934.5 4932.5
155300 4930 4937 4934.5 4932.5
155400 4930 4936 4934.0 4932.0
155500 4929 4936 4933.5 4931.5
155600 4929 4936 4933.5 4931.5
155700 4934 4936 4936.0 4934.0
155800 4929 4936 4933.5 4931.5
155900 4929 4934 4932.5 4930.5
156000 4929 4935 4933.0 4931.0
156100 4929 4936 4933.5 4931.5
156200 4929 4936 4933.5 4931.5
156300 4929 4936 4933.5 4931.5
156400 4930 4936 4934.0 4932.0
156500 4930 4934 4933.0 4931.0
156600 4931 4937 4935.0 4933.0
156700 4930 4936 4934.0 4932.0
156800 4931 4937 4935.0 4933.0
156900 4930 4937 4934.5 4932.5
157000 4930 4936 4934.0 4932.0
157100 4929 4934 4932.5 4930.5
157200 4930 4936 4934.0 4932.0
157300 4930 4936 4934.0 4932.0
157400 4929 4930 4930.5 4928.5
157500 4929 4931 4931.0 4929.0
157600 4929 4935 4933.0 4931.0
157700 4929 4935 4933.0 4931.0
157800 4929 4934 4932.5 4930.5
157900 4930 4935 4933.5 4931.5
158000 4929 4936 4933.5 4931.5
158100 4929 4934 4932.5 4930.5
158200 4929 4930 4930.5 4928.5
158300 4930 4932 4932.0 4930.0
158400 4930 4936 4934.0 4932.0
158500 4935 4937 4937.0 4935.0
158600 4930 4937 4934.5 4932.5
158700 4935 4937 4937.0 4935.0
158800 4930 4936 4934.0 4932.0
158900 4929 4936 4933.5 4931.5
159000 4934 4936 4936.0 4934.0
159100 4929 4934 4932.5 4930.5
159200 4929 4934 4932.5 4930.5
159300 4930 4936 4934.0 4932.0
159400 4930 4931 4931.5 4929.5
159500 4935 4937 4937.0 4935.0
159600 4930 4936 4934.0 4932.0
159700 4930 4936 4934.0 4932.0
159800 4930 4937 4934.5 4932.5
159900 4930 4937 4934.5 4932.5
160000 4930 4937 4934.5 4932.5
160100 4930 4936 4934.0 4932.0
160200 4930 4936 4934.0 4932.0
160300 4930 4936 4934.0 4932.0
160400 4929 4936 4933.5 4931.5
160500 4929 4933 4932.0 4930.0
160600 4929 4935 4933.0 4931.0
160700 4928 4935 4932.5 4930.5
160800 4929 4936 4933.5 4931.5
160900 4928 4933 4931.5 4929.5
161000 4928 4935 4932.5 4930.5
161100 4928 4932 4931.0 4929.0
161200 4927 4934 4931.5 4929.5
161300 4928 4933 4931.5 4929.5
161400 4933 4934 4934.5 4932.5
161500 4932 4934 4934.0 4932.0
161600 4927 4934 4931.5 4929.5
161700 4927 4934 4931.5 4929.5
161800 4928 4934 4932.0 4930.0
161900 4926 4933 4930.5 4928.5
162000 4927 4933 4931.0 4929.0
162100 4926 4933 4930.5 4928.5
162200 4927 4933 4931.0 4929.0
162300 4927 4932 4930.5 4928.5
162400 4927 4928 4928.5 4926.5
162500 4927 4934 4931.5 4929.5
162600 4927 4933 4931.0 4929.0
162700 4926 4933 4930.5 4928.5
162800 4927 4934 4931.5 4929.5
162900 4927 4933 4931.0 4929.0
163000 4927 4933 4931.0 4929.0
163100 4927 4931 4930.0 4928.0
163200 4927 4933 4931.0 4929.0
163300 4927 4933 4931.0 4929.0
163400 4926 4933 4930.5 4928.5
163500 4926 4933 4930.5 4928.5
163600 4926 4933 4930.5 4928.5
163700 4926 4931 4929.5 4927.5
163800 4927 4931 4930.0 4928.0
163900 4928 4933 4931.5 4929.5
164000 4932 4934 4934.0 4932.0
164100 4932 4933 4933.5 4931.5
164200 4926 4933 4930.5 4928.5
164300 4927 4933 4931.0 4929.0
164400 4932 4933 4933.5 4931.5
164500 4927 4933 4931.0 4929.0
164600 4926 4933 4930.5 4928.5
164700 4926 4933 4930.5 4928.5
164800 4926 4932 4930.0 4928.0
164900 4926 4933 4930.5 4928.5
165000 4926 4932 4930.0 4928.0
165100 4926 4932 4930.0 4928.0
165200 4926 4932 4930.0 4928.0
165300 4926 4932 4930.0 4928.0
165400 4926 4932 4930.0 4928.0
165500 4928 4932 4931.0 4929.0
165600 4925 4932 4929.5 4927.5
165700 4930 4932 4932.0 4930.0
165800 4926 4932 4930.0 4928.0
165900 4925 4932 4929.5 4927.5
166000 4925 4932 4929.5 4927.5
166100 4925 4932 4929.5 4927.5
166200 4925 4932 4929.5 4927.5
166300 4925 4932 4929.5 4927.5
166400 4926 4932 4930.0 4928.0
166500 4925 4926 4926.5 4924.5
166600 4926 4930 4929.0 4927.0
166700 4925 4932 4929.5 4927.5
166800 4926 4931 4929.5 4927.5
166900 4926 4929 4928.5 4926.5
167000 4926 4931 4929.5 4927.5
167100 4926 4933 4930.5 4928.5
167200 4926 4931 4929.5 4927.5
167300 4926 4931 4929.5 4927.5
167400 4926 4933 4930.5 4928.5
167500 4927 4931 4930.0 4928.0
167600 4926 4933 4930.5 4928.5
167700 4928 4933 4931.5 4929.5
167800 4929 4933 4932.0 4930.0
167900 4927 4933 4931.0 4929.0
168000 4927 4934 4931.5 4929.5
168100 4927 4934 4931.5 4929.5
168200 4927 4934 4931.5 4929.5
168300 4928 4935 4932.5 4930.5
168400 4928 4934 4932.0 4930.0
168500 4928 4934 4932.0 4930.0
168600 4929 4935 4933.0 4931.0
168700 4928 4933 4931.5 4929.5
168800 4930 4934 4933.0 4931.0
168900 4927 4934 4931.5 4929.5
169000 4927 4932 4930.5 4928.5
169100 4927 4934 4931.5 4929.5
169200 4927 4934 4931.5 4929.5
169300 4927 4932 4930.5 4928.5
169400 4928 4933 4931.5 4929.5
169500 4927 4934 4931.5 4929.5
169600 4927 4934 4931.5 4929.5
169700 4928 4934 4932.0 4930.0
169800 4927 4933 4931.0 4929.0
169900 4928 4933 4931.5 4929.5
170000 4927 4932 4930.5 4928.5
170100 4930 4934 4933.0 4931.0
170200 4927 4928 4928.5 4926.5
170300 4927 4933 4931.0 4929.0
170400 4928 4934 4932.0 4930.0
170500 4927 4934 4931.5 4929.5
170600 4927 4932 4930.5 4928.5
170700 4927 4933 4931.0 4929.0
170800 4928 4934 4932.0 4930.0
170900 4927 4933 4931.0 4929.0
171000 4927 4929 4929.0 4927.0
171100 4926 4933 4930.5 4928.5
171200 4926 4933 4930.5 4928.5
171300 4928 4933 4931.5 4929.5
171400 4926 4929 4928.5 4926.5
171500 4926 4932 4930.0 4928.0
171600 4926 4931 4929.5 4927.5
171700 4926 4929 4928.5 4926.5
171800 4932 4933 4933.5 4931.5
171900 4927 4932 4930.5 4928.5
172000 4928 4935 4932.5 4930.5
172100 4928 4934 4932.0 4930.0
172200 4931 4934 4933.5 4931.5
172300 4927 4933 4931.0 4929.0
172400 4926 4931 4929.5 4927.5
172500 4927 4933 4931.0 4929.0
172600 4926 4933 4930.5 4928.5
172700 4926 4929 4928.5 4926.5
172800 4926 4927 4927.5 4925.5
172900 4926 4933 4930.5 4928.5
173000 4928 4934 4932.0 4930.0
173100 4928 4933 4931.5 4929.5
173200 4927 4932 4930.5 4928.5
173300 4927 4933 4931.0 4929.0
173400 4927 4933 4931.0 4929.0
173500 4928 4932 4931.0 4929.0
173600 4928 4934 4932.0 4930.0
173700 4927 4934 4931.5 4929.5
173800 4928 4934 4932.0 4930.0
173900 4928 4934 4932.0 4930.0
174000 4932 4934 4934.0 4932.0
174100 4927 4934 4931.5 4929.5
174200 4927 4932 4930.5 4928.5
174300 4928 4934 4932.0 4930.0
174400 4928 4934 4932.0 4930.0
174500 4927 4934 4931.5 4929.5
174600 4926 4931 4929.5 4927.5
174700 4927 4932 4930.5 4928.5
174800 4927 4928 4928.5 4926.5
174900 4927 4933 4931.0 4929.0
175000 4927 4933 4931.0 4929.0
175100 4926 4931 4929.5 4927.5
175200 4927 4932 4930.5 4928.5
175300 4927 4934 4931.5 4929.5
175400 4926 4933 4930.5 4928.5
175500 4927 4934 4931.5 4929.5
175600 4927 4934 4931.5 4929.5
175700 4927 4934 4931.5 4929.5
175800 4927 4933 4931.0 4929.0
175900 4926 4931 4929.5 4927.5
176000 4928 4933 4931.5 4929.5
176100 4927 4933 4931.0 4929.0
176200 4927 4933 4931.0 4929.0
176300 4928 4934 4932.0 4930.0
176400 4928 4933 4931.5 4929.5
176500 4927 4933 4931.0 4929.0
176600 4928 4934 4932.0 4930.0
176700 4928 4934 4932.0 4930.0
176800 4927 4934 4931.5 4929.5
176900 4927 4934 4931.5 4929.5
177000 4927 4933 4931.0 4929.0
177100 4927 4932 4930.5 4928.5
177200 4927 4934 4931.5 4929.5
177300 4927 4934 4931.5 4929.5
177400 4928 4934 4932.0 4930.0
177500 4928 4932 4931.0 4929.0
177600 4928 4935 4932.5 4930.5
177700 4929 4936 4933.5 4931.5
177800 4929 4936 4933.5 4931.5
177900 4929 4935 4933.0 4931.0
178000 4929 4936 4933.5 4931.5
178100 4932 4935 4934.5 4932.5
178200 4928 4932 4931.0 4929.0
178300 4928 4935 4932.5 4930.5
178400 4928 4935 4932.5 4930.5
178500 4933 4935 4935.0 4933.0
178600 4932 4934 4934.0 4932.0
178700 4928 4934 4932.0 4930.0
178800 4927 4933 4931.0 4929.0
178900 4927 4933 4931.0 4929.0
179000 4926 4931 4929.5 4927.5
179100 4930 4932 4932.0 4930.0
179200 4926 4933 4930.5 4928.5
179300 4926 4932 4930.0 4928.0
179400 4929 4932 4931.5 4929.5
179500 4927 4933 4931.0 4929.0
179600 4932 4933 4933.5 4931.5
179700 4927 4933 4931.0 4929.0
179800 4926 4933 4930.5 4928.5
179900 4927 4928 4928.5 4926.5
180000 4927 4928 4928.5 4926.5
180100 4927 4928 4928.5 4926.5
180200 4933 4934 4934.5 4932.5
180300 4928 4934 4932.0 4930.0
180400 4933 4934 4934.5 4932.5
180500 4927 4934 4931.5 4929.5
180600 4927 4934 4931.5 4929.5
180700 4929 4933 4932.0 4930.0
180800 4927 4933 4931.0 4929.0
180900 4927 4933 4931.0 4929.0
181000 4928 4933 4931.5 4929.5
181100 4927 4934 4931.5 4929.5
181200 4927 4933 4931.0 4929.0
181300 4927 4929 4929.0 4927.0
181400 4926 4933 4930.5 4928.5
181500 4926 4933 4930.5 4928.5
181600 4926 4932 4930.0 4928.0
181700 4926 4932 4930.0 4928.0
181800 4926 4930 4929.0 4927.0
181900 4926 4932 4930.0 4928.0
182000 4925 4930 4928.5 4926.5
182100 4925 4932 4929.5 4927.5
182200 4931 4933 4933.0 4931.0
182300 4926 4933 4930.5 4928.5
182400 4926 4933 4930.5 4928.5
182500 4932 4933 4933.5 4931.5
182600 4926 4933 4930.5 4928.5
182700 4927 4929 4929.0 4927.0
182800 4927 4934 4931.5 4929.5
182900 4927 4934 4931.5 4929.5
183000 4927 4934 4931.5 4929.5
183100 4928 4934 4932.0 4930.0
183200 4932 4934 4934.0 4932.0
183300 4928 4934 4932.0 4930.0
183400 4929 4934 4932.5 4930.5
183500 4928 4934 4932.0 4930.0
183600 4928 4929 4929.5 4927.5
183700 4933 4935 4935.0 4933.0
183800 4927 4928 4928.5 4926.5
183900 4928 4934 4932.0 4930.0
184000 4928 4933 4931.5 4929.5
184100 4928 4933 4931.5 4929.5
184200 4928 4934 4932.0 4930.0
184300 4928 4934 4932.0 4930.0
184400 4927 4934 4931.5 4929.5
184500 4927 4934 4931.5 4929.5
184600 4928 4932 4931.0 4929.0
184700 4928 4935 4932.5 4930.5
184800 4929 4935 4933.0 4931.0
184900 4933 4935 4935.0 4933.0
185000 4928 4935 4932.5 4930.5
185100 4927 4934 4931.5 4929.5
185200 4928 4935 4932.5 4930.5
185300 4934 4935 4935.5 4933.5
185400 4929 4935 4933.0 4931.0
185500 4929 4935 4933.0 4931.0
185600 4929 4933 4932.0 4930.0
185700 4930 4936 4934.0 4932.0
185800 4929 4934 4932.5 4930.5
185900 4929 4936 4933.5 4931.5
186000 4929 4931 4931.0 4929.0
186100 4928 4933 4931.5 4929.5
186200 4927 4928 4928.5 4926.5
186300 4928 4934 4932.0 4930.0
186400 4928 4935 4932.5 4930.5
186500 4929 4935 4933.0 4931.0
186600 4929 4935 4933.0 4931.0
186700 4928 4935 4932.5 4930.5
186800 4928 4935 4932.5 4930.5
186900 4928 4935 4932.5 4930.5
187000 4928 4935 4932.5 4930.5
187100 4928 4933 4931.5 4929.5
187200 4928 4929 4929.5 4927.5
187300 4928 4933 4931.5 4929.5
187400 4928 4933 4931.5 4929.5
187500 4929 4935 4933.0 4931.0
187600 4929 4935 4933.0 4931.0
187700 4929 4935 4933.0 4931.0
187800 4930 4936 4934.0 4932.0
187900 4930 4935 4933.5 4931.5
188000 4929 4936 4933.5 4931.5
188100 4934 4936 4936.0 4934.0
188200 4929 4934 4932.5 4930.5
188300 4929 4930 4930.5 4928.5
188400 4928 4935 4932.5 4930.5
188500 4928 4935 4932.5 4930.5
188600 4927 4934 4931.5 4929.5
188700 4927 4934 4931.5 4929.5
188800 4929 4935 4933.0 4931.0
188900 4928 4934 4932.0 4930.0
189000 4928 4934 4932.0 4930.0
189100 4928 4929 4929.5 4927.5
189200 4929 4935 4933.0 4931.0
189300 4929 4935 4933.0 4931.0
189400 4929 4935 4933.0 4931.0
189500 4929 4935 4933.0 4931.0
189600 4929 4935 4933.0 4931.0
189700 4928 4935 4932.5 4930.5
189800 4931 4935 4934.0 4932.0
189900 4929 4930 4930.5 4928.5
190000 4929 4935 4933.0 4931.0
190100 4928 4933 4931.5 4929.5
190200 4929 4936 4933.5 4931.5
190300 4930 4932 4932.0 4930.0
190400 4930 4936 4934.0 4932.0
190500 4930 4936 4934.0 4932.0
190600 4929 4936 4933.5 4931.5
190700 4934 4935 4935.5 4933.5
190800 4929 4933 4932.0 4930.0
190900 4929 4934 4932.5 4930.5
191000 4929 4936 4933.5 4931.5
191100 4929 4935 4933.0 4931.0
191200 4929 4935 4933.0 4931.0
191300 4931 4935 4934.0 4932.0
191400 4930 4935 4933.5 4931.5
191500 4930 4936 4934.0 4932.0
191600 4929 4936 4933.5 4931.5
191700 4929 4936 4933.5 4931.5
191800 4929 4934 4932.5 4930.5
191900 4933 4935 4935.0 4933.0
192000 4929 4935 4933.0 4931.0
192100 4934 4935 4935.5 4933.5
192200 4933 4935 4935.0 4933.0
192300 4933 4934 4934.5 4932.5
192400 4928 4935 4932.5 4930.5
192500 4933 4934 4934.5 4932.5
192600 4930 4934 4933.0 4931.0
192700 4927 4932 4930.5 4928.5
192800 4928 4935 4932.5 4930.5
192900 4929 4935 4933.0 4931.0
193000 4928 4935 4932.5 4930.5
193100 4927 4934 4931.5 4929.5
193200 4928 4933 4931.5 4929.5
193300 4928 4933 4931.5 4929.5
193400 4929 4936 4933.5 4931.5
193500 4929 4935 4933.0 4931.0
193600 4928 4935 4932.5 4930.5
193700 4928 4935 4932.5 4930.5
193800 4929 4935 4933.0 4931.0
193900 4934 4935 4935.5 4933.5
194000 4934 4935 4935.5 4933.5
194100 4929 4933 4932.0 4930.0
194200 4929 4930 4930.5 4928.5
194300 4929 4930 4930.5 4928.5
194400 4929 4935 4933.0 4931.0
194500 4929 4935 4933.0 4931.0
194600 4929 4935 4933.0 4931.0
194700 4928 4935 4932.5 4930.5
194800 4929 4936 4933.5 4931.5
194900 4929 4936 4933.5 4931.5
195000 4930 4935 4933.5 4931.5
195100 4929 4935 4933.0 4931.0
195200 4929 4936 4933.5 4931.5
195300 4929 4935 4933.0 4931.0
195400 4930 4936 4934.0 4932.0
195500 4929 4936 4933.5 4931.5
195600 4930 4936 4934.0 4932.0
195700 4930 4936 4934.0 4932.0
195800 4929 4934 4932.5 4930.5
195900 4929 4936 4933.5 4931.5
196000 4928 4931 4930.5 4928.5
196100 4929 4936 4933.5 4931.5
196200 4929 4934 4932.5 4930.5
196300 4929 4935 4933.0 4931.0
196400 4929 4935 4933.0 4931.0
196500 4927 4934 4931.5 4929.5
196600 4927 4934 4931.5 4929.5
196700 4933 4934 4934.5 4932.5
196800 4928 4935 4932.5 4930.5
196900 4928 4935 4932.5 4930.5
197000 4928 4935 4932.5 4930.5
197100 4929 4936 4933.5 4931.5
197200 4929 4932 4931.5 4929.5
197300 4932 4936 4935.0 4933.0
197400 4930 4936 4934.0 4932.0
197500 4930 4935 4933.5 4931.5
197600 4929 4934 4932.5 4930.5
197700 4929 4930 4930.5 4928.5
197800 4930 4936 4934.0 4932.0
197900 4935 4936 4936.5 4934.5
198000 4930 4937 4934.5 4932.5
198100 4931 4935 4934.0 4932.0
198200 4931 4935 4934.0 4932.0
198300 4930 4931 4931.5 4929.5
198400 4931 4936 4934.5 4932.5
198500 4930 4934 4933.0 4931.0
198600 4930 4936 4934.0 4932.0
198700 4931 4937 4935.0 4933.0
198800 4929 4936 4933.5 4931.5
198900 4930 4934 4933.0 4931.0
199000 4929 4935 4933.0 4931.0
199100 4930 4936 4934.0 4932.0
199200 4930 4936 4934.0 4932.0
199300 4935 4936 4936.5 4934.5
199400 4930 4937 4934.5 4932.5
199500 4930 4937 4934.5 4932.5
199600 4930 4937 4934.5 4932.5
199700 4931 4937 4935.0 4933.0
199800 4931 4937 4935.0 4933.0
199900 4931 4932 4932.5 4930.5


Submission logs:
